[[ 0.47  0.03  0.    0.    0.    0.    0.    0.    0.    0.    0.    0.    0.    0.    0.    0.    0.    0.    0.    0.    0.15  0.    0.    0.    0.    0.15  0.    0.06  0.    0.    0.    0.    0.12  0.    0.    0.    0.    0.    0.    0.    0.03  0.  ]
 [ 0.    0.81  0.    0.    0.    0.01  0.    0.    0.    0.    0.    0.    0.    0.    0.    0.    0.    0.    0.    0.    0.    0.    0.    0.    0.    0.02  0.01  0.09  0.    0.    0.    0.    0.06  0.    0.    0.    0.    0.    0.    0.    0.    0.  ]
 [ 0.    0.03  0.67  0.06  0.    0.    0.    0.    0.    0.    0.    0.    0.01  0.    0.    0.    0.    0.    0.02  0.01  0.    0.    0.    0.    0.    0.07  0.09  0.    0.    0.    0.    0.    0.03  0.    0.    0.    0.    0.    0.    0.    0.    0.  ]
 [ 0.    0.01  0.04  0.78  0.    0.    0.    0.    0.    0.    0.    0.    0.02  0.    0.    0.    0.    0.    0.01  0.01  0.01  0.    0.    0.    0.    0.02  0.08  0.    0.    0.    0.    0.    0.01  0.    0.    0.    0.    0.    0.    0.    0.    0.  ]
 [ 0.    0.02  0.02  0.13  0.48  0.    0.    0.    0.    0.    0.    0.    0.01  0.01  0.    0.01  0.    0.    0.    0.    0.02  0.01  0.    0.    0.    0.06  0.16  0.    0.    0.    0.    0.    0.04  0.    0.    0.    0.    0.    0.    0.    0.02  0.  ]
 [ 0.    0.03  0.    0.    0.    0.63  0.    0.    0.    0.    0.    0.    0.    0.    0.    0.    0.    0.    0.02  0.    0.01  0.    0.    0.    0.    0.09  0.13  0.03  0.    0.    0.    0.    0.04  0.    0.    0.    0.    0.    0.    0.    0.    0.  ]
 [ 0.    0.    0.    0.    0.    0.    0.08  0.    0.    0.    0.    0.    0.    0.    0.    0.    0.    0.    0.49  0.    0.    0.    0.01  0.    0.    0.01  0.17  0.    0.    0.21  0.    0.    0.    0.    0.    0.    0.    0.    0.01  0.    0.    0.  ]
 [ 0.    0.    0.    0.    0.    0.    0.    0.3   0.    0.    0.    0.    0.    0.    0.    0.    0.    0.    0.    0.    0.3   0.    0.    0.    0.    0.    0.03  0.    0.    0.    0.    0.    0.    0.    0.    0.38  0.    0.    0.    0.    0.    0.  ]
 [ 0.    0.    0.    0.    0.    0.    0.01  0.    0.1   0.    0.    0.    0.    0.    0.    0.    0.    0.    0.32  0.    0.    0.    0.25  0.    0.    0.04  0.11  0.    0.    0.05  0.    0.    0.    0.    0.    0.    0.    0.02  0.11  0.    0.    0.  ]
 [ 0.    0.    0.    0.    0.    0.    0.    0.    0.    0.    0.    0.    0.    0.    0.    0.    0.    0.    0.    0.    0.    0.    0.    0.    0.    0.    0.    0.    0.    0.    0.    0.    1.    0.    0.    0.    0.    0.    0.    0.    0.    0.  ]
 [ 0.    0.    0.    0.    0.12  0.    0.    0.    0.    0.    0.    0.    0.    0.    0.    0.    0.12  0.    0.25  0.    0.25  0.    0.    0.    0.    0.    0.12  0.    0.    0.    0.    0.    0.    0.    0.    0.12  0.    0.    0.    0.    0.    0.  ]
 [ 0.    0.    0.    0.    0.03  0.    0.    0.    0.    0.    0.    0.67  0.    0.    0.    0.    0.    0.    0.    0.    0.03  0.03  0.    0.    0.    0.07  0.07  0.    0.    0.    0.    0.    0.07  0.    0.    0.    0.    0.    0.    0.    0.03  0.  ]
 [ 0.    0.    0.02  0.08  0.    0.    0.    0.    0.    0.    0.    0.    0.5   0.    0.    0.    0.    0.    0.11  0.02  0.01  0.    0.    0.    0.    0.01  0.23  0.    0.    0.    0.    0.    0.    0.    0.    0.    0.    0.    0.    0.    0.    0.  ]
 [ 0.    0.    0.    0.01  0.    0.    0.    0.    0.    0.    0.01  0.    0.06  0.47  0.01  0.1   0.    0.    0.    0.    0.11  0.01  0.    0.    0.    0.01  0.18  0.    0.    0.    0.    0.    0.    0.    0.    0.01  0.    0.    0.    0.    0.    0.  ]
 [ 0.    0.    0.    0.02  0.    0.02  0.    0.    0.    0.    0.    0.    0.    0.02  0.65  0.02  0.    0.    0.    0.    0.    0.    0.    0.    0.    0.08  0.17  0.    0.    0.    0.    0.    0.02  0.    0.    0.    0.    0.    0.    0.    0.    0.  ]
 [ 0.    0.    0.    0.02  0.01  0.    0.    0.    0.    0.    0.01  0.    0.01  0.07  0.    0.65  0.01  0.    0.03  0.    0.05  0.02  0.    0.    0.    0.    0.1   0.    0.    0.01  0.    0.    0.    0.    0.    0.01  0.    0.    0.    0.    0.02  0.  ]
 [ 0.    0.    0.    0.    0.    0.    0.    0.    0.    0.    0.11  0.    0.04  0.    0.    0.04  0.39  0.    0.11  0.    0.29  0.    0.    0.    0.    0.    0.04  0.    0.    0.    0.    0.    0.    0.    0.    0.    0.    0.    0.    0.    0.    0.  ]
 [ 0.    0.    0.    0.    0.    0.    0.    0.    0.    0.    0.    0.    0.    0.    0.    0.    0.    0.    0.    0.    0.    0.    0.    0.    1.    0.    0.    0.    0.    0.    0.    0.    0.    0.    0.    0.    0.    0.    0.    0.    0.    0.  ]
 [ 0.    0.    0.01  0.01  0.    0.01  0.    0.    0.    0.    0.    0.    0.02  0.    0.    0.    0.    0.    0.55  0.02  0.01  0.    0.01  0.    0.    0.06  0.25  0.    0.    0.03  0.    0.    0.01  0.    0.    0.    0.    0.    0.    0.    0.    0.  ]
 [ 0.    0.    0.01  0.09  0.    0.    0.    0.    0.    0.    0.    0.    0.03  0.    0.    0.    0.    0.    0.11  0.49  0.    0.    0.01  0.    0.    0.04  0.18  0.    0.    0.01  0.02  0.    0.    0.    0.    0.    0.    0.    0.    0.    0.    0.  ]
 [ 0.    0.    0.    0.01  0.    0.01  0.    0.    0.    0.    0.    0.    0.    0.    0.    0.    0.    0.    0.01  0.    0.75  0.01  0.    0.    0.    0.04  0.12  0.01  0.    0.    0.    0.    0.01  0.    0.    0.01  0.    0.    0.    0.    0.01  0.  ]
 [ 0.    0.    0.    0.05  0.01  0.    0.    0.    0.    0.    0.    0.    0.    0.    0.    0.    0.    0.    0.    0.    0.1   0.51  0.    0.    0.    0.09  0.16  0.    0.    0.    0.    0.    0.01  0.    0.    0.01  0.01  0.    0.    0.    0.04  0.  ]
 [ 0.    0.    0.    0.    0.    0.01  0.    0.    0.03  0.    0.    0.    0.    0.    0.    0.    0.    0.    0.2   0.03  0.    0.    0.25  0.    0.    0.12  0.22  0.    0.    0.02  0.    0.    0.    0.    0.    0.    0.    0.02  0.06  0.    0.    0.  ]
 [ 0.    0.    0.    0.    0.    0.    0.    0.    0.    0.    0.    0.    0.    0.    0.    0.    0.    0.    0.    0.    1.    0.    0.    0.    0.    0.    0.    0.    0.    0.    0.    0.    0.    0.    0.    0.    0.    0.    0.    0.    0.    0.  ]
 [ 0.    0.02  0.    0.12  0.    0.02  0.    0.    0.    0.    0.    0.    0.02  0.    0.    0.    0.    0.02  0.05  0.    0.    0.    0.    0.    0.44  0.02  0.24  0.02  0.    0.    0.    0.    0.    0.    0.    0.    0.    0.    0.    0.    0.    0.  ]
 [ 0.    0.01  0.    0.    0.    0.01  0.    0.    0.    0.    0.    0.    0.    0.    0.    0.    0.    0.    0.01  0.    0.    0.    0.    0.    0.    0.66  0.15  0.02  0.    0.    0.    0.    0.13  0.    0.    0.    0.    0.    0.    0.    0.    0.  ]
 [ 0.    0.    0.    0.01  0.    0.01  0.    0.    0.    0.    0.    0.    0.01  0.    0.    0.    0.    0.    0.04  0.    0.02  0.    0.    0.    0.    0.12  0.75  0.    0.    0.    0.    0.    0.02  0.    0.    0.    0.    0.    0.    0.    0.    0.  ]
 [ 0.    0.17  0.    0.    0.    0.01  0.    0.    0.    0.    0.    0.    0.    0.    0.    0.    0.    0.    0.    0.    0.    0.    0.    0.    0.    0.06  0.01  0.59  0.    0.    0.    0.    0.16  0.    0.    0.    0.    0.    0.    0.    0.    0.  ]
 [ 0.    0.33  0.    0.    0.    0.    0.    0.    0.    0.    0.    0.    0.    0.    0.    0.    0.    0.    0.    0.    0.    0.    0.    0.    0.    0.33  0.    0.    0.33  0.    0.    0.    0.    0.    0.    0.    0.    0.    0.    0.    0.    0.  ]
 [ 0.    0.    0.01  0.01  0.    0.    0.03  0.    0.    0.    0.    0.    0.01  0.    0.    0.    0.    0.    0.5   0.02  0.01  0.    0.01  0.    0.    0.02  0.1   0.    0.    0.26  0.01  0.    0.    0.    0.    0.    0.    0.    0.01  0.    0.    0.  ]
 [ 0.    0.01  0.02  0.08  0.    0.    0.    0.    0.    0.    0.    0.    0.03  0.    0.    0.    0.    0.    0.09  0.29  0.    0.01  0.    0.    0.    0.05  0.07  0.    0.    0.01  0.31  0.    0.    0.    0.    0.    0.    0.    0.01  0.    0.    0.  ]
 [ 0.    0.    0.    0.    0.    0.    0.    0.    0.    0.    0.    0.    0.    0.    0.    0.    0.    0.    0.    0.    0.    0.    0.    0.    0.    1.    0.    0.    0.    0.    0.    0.    0.    0.    0.    0.    0.    0.    0.    0.    0.    0.  ]
 [ 0.    0.07  0.    0.    0.    0.01  0.    0.    0.    0.    0.    0.    0.    0.    0.    0.    0.    0.    0.    0.    0.    0.    0.    0.    0.    0.2   0.02  0.12  0.    0.    0.    0.    0.56  0.    0.    0.    0.    0.    0.    0.    0.    0.  ]
 [ 0.    0.    0.    0.    0.    0.    0.    0.    0.    0.    0.    0.    0.    0.    0.    0.    0.    0.    0.    0.    0.67  0.    0.    0.    0.    0.    0.    0.    0.    0.    0.    0.    0.    0.33  0.    0.    0.    0.    0.    0.    0.    0.  ]
 [ 0.    1.    0.    0.    0.    0.    0.    0.    0.    0.    0.    0.    0.    0.    0.    0.    0.    0.    0.    0.    0.    0.    0.    0.    0.    0.    0.    0.    0.    0.    0.    0.    0.    0.    0.    0.    0.    0.    0.    0.    0.    0.  ]
 [ 0.    0.    0.    0.02  0.    0.    0.    0.07  0.    0.    0.    0.    0.    0.    0.    0.    0.    0.    0.    0.    0.4   0.03  0.    0.    0.    0.01  0.05  0.    0.    0.    0.    0.    0.01  0.    0.    0.38  0.    0.    0.    0.    0.02  0.  ]
 [ 0.    0.    0.    0.03  0.    0.    0.    0.    0.    0.    0.    0.    0.    0.    0.    0.    0.    0.    0.    0.    0.13  0.29  0.    0.    0.    0.    0.13  0.    0.    0.    0.    0.    0.05  0.    0.    0.08  0.18  0.    0.    0.    0.11  0.  ]
 [ 0.    0.    0.    0.    0.    0.02  0.    0.    0.06  0.    0.    0.    0.    0.    0.    0.    0.    0.    0.1   0.02  0.    0.    0.25  0.    0.    0.17  0.18  0.    0.    0.01  0.    0.    0.01  0.    0.    0.    0.    0.13  0.06  0.    0.    0.  ]
 [ 0.    0.    0.    0.01  0.    0.    0.    0.    0.02  0.    0.    0.    0.    0.    0.    0.    0.    0.    0.27  0.1   0.    0.    0.06  0.    0.    0.09  0.12  0.    0.    0.08  0.02  0.    0.    0.    0.    0.    0.    0.    0.22  0.    0.    0.  ]
 [ 0.    0.    0.    0.    0.    0.    0.    0.    0.    0.    0.    0.    0.    0.    0.    0.    0.    0.    0.    0.    0.    0.    0.    0.    0.    0.    0.    0.    0.    0.    0.    0.    0.    0.    0.    1.    0.    0.    0.    0.    0.    0.  ]
 [ 0.    0.04  0.02  0.03  0.    0.    0.    0.    0.    0.    0.    0.01  0.01  0.    0.    0.    0.    0.    0.02  0.01  0.18  0.14  0.    0.    0.    0.08  0.1   0.01  0.    0.    0.    0.    0.05  0.    0.    0.04  0.03  0.    0.    0.    0.22  0.  ]
 [ 0.    0.    0.    0.    0.    0.    0.    0.    0.    0.    0.    0.    0.    0.    0.    0.    0.    0.    0.    0.    0.    0.    0.    0.    0.    0.    0.    0.    0.    0.    0.    0.    1.    0.    0.    0.    0.    0.    0.    0.    0.    0.  ]]