[[ 0.66  0.02  0.    0.    0.    0.    0.    0.    0.    0.    0.    0.    0.    0.    0.    0.    0.    0.    0.    0.    0.    0.    0.    0.11  0.    0.    0.    0.    0.09  0.    0.04  0.    0.    0.    0.    0.07  0.    0.    0.    0.    0.    0.    0.    0.    0.    0.    0.    0.    0.02  0.  ]
 [ 0.    0.8   0.    0.    0.    0.01  0.    0.    0.    0.    0.    0.    0.    0.    0.    0.    0.    0.    0.    0.    0.    0.    0.    0.    0.    0.    0.    0.    0.03  0.01  0.09  0.    0.    0.    0.    0.06  0.    0.    0.    0.    0.    0.    0.    0.    0.    0.    0.    0.    0.    0.  ]
 [ 0.    0.03  0.65  0.06  0.    0.    0.    0.    0.    0.    0.    0.    0.    0.    0.    0.01  0.    0.    0.    0.    0.    0.03  0.01  0.    0.    0.    0.    0.    0.07  0.1   0.    0.    0.    0.    0.    0.03  0.    0.    0.    0.    0.    0.    0.    0.    0.    0.    0.    0.    0.    0.  ]
 [ 0.    0.01  0.04  0.77  0.    0.    0.    0.    0.    0.    0.    0.    0.    0.    0.    0.02  0.    0.    0.    0.    0.    0.01  0.01  0.01  0.    0.    0.    0.    0.02  0.08  0.    0.    0.    0.    0.    0.01  0.    0.    0.    0.    0.    0.    0.    0.    0.    0.    0.    0.    0.    0.  ]
 [ 0.    0.02  0.02  0.14  0.47  0.    0.    0.    0.    0.    0.    0.    0.    0.    0.    0.01  0.01  0.    0.01  0.    0.    0.    0.    0.02  0.02  0.    0.    0.    0.06  0.16  0.    0.    0.    0.    0.    0.04  0.    0.    0.    0.    0.    0.    0.    0.    0.    0.    0.    0.    0.01  0.  ]
 [ 0.    0.03  0.    0.    0.    0.64  0.    0.    0.    0.    0.    0.    0.    0.    0.    0.    0.    0.    0.    0.    0.    0.02  0.    0.01  0.    0.    0.    0.    0.09  0.14  0.03  0.    0.    0.    0.    0.03  0.    0.    0.    0.    0.    0.    0.    0.    0.    0.    0.    0.    0.    0.  ]
 [ 0.    0.    0.    0.    0.    0.    0.    0.    0.    0.    0.    0.    0.    0.    0.    0.    0.    0.    0.    0.    0.    0.    0.    1.    0.    0.    0.    0.    0.    0.    0.    0.    0.    0.    0.    0.    0.    0.    0.    0.    0.    0.    0.    0.    0.    0.    0.    0.    0.    0.  ]
 [ 0.    0.    0.    0.    0.    0.    0.    0.27  0.    0.03  0.    0.    0.    0.    0.    0.    0.    0.    0.    0.    0.    0.34  0.    0.    0.    0.02  0.    0.    0.01  0.03  0.    0.    0.28  0.    0.    0.    0.    0.    0.    0.    0.    0.    0.    0.    0.02  0.    0.    0.    0.    0.  ]
 [ 0.    0.    0.    0.    0.    0.    0.    0.    0.4   0.    0.    0.    0.    0.    0.    0.    0.    0.    0.    0.    0.    0.    0.    0.23  0.    0.    0.    0.    0.    0.01  0.    0.    0.    0.    0.    0.    0.    0.    0.    0.36  0.    0.    0.    0.    0.    0.    0.    0.    0.    0.  ]
 [ 0.    0.    0.    0.    0.    0.    0.    0.01  0.    0.43  0.    0.    0.    0.    0.    0.    0.    0.    0.    0.    0.    0.06  0.    0.    0.    0.23  0.    0.    0.    0.01  0.    0.    0.04  0.    0.    0.    0.    0.    0.    0.    0.    0.    0.01  0.    0.2   0.    0.    0.    0.    0.  ]
 [ 0.    0.    0.    0.    0.    0.    0.    0.    0.5   0.    0.    0.    0.    0.    0.    0.    0.    0.    0.    0.    0.    0.    0.    0.    0.    0.    0.    0.    0.    0.    0.    0.    0.    0.    0.    0.    0.    0.    0.    0.    0.    0.    0.    0.    0.    0.5   0.    0.    0.    0.  ]
 [ 0.    0.    0.    0.    0.    0.    0.    0.    0.    1.    0.    0.    0.    0.    0.    0.    0.    0.    0.    0.    0.    0.    0.    0.    0.    0.    0.    0.    0.    0.    0.    0.    0.    0.    0.    0.    0.    0.    0.    0.    0.    0.    0.    0.    0.    0.    0.    0.    0.    0.  ]
 [ 0.    0.    0.    0.    0.    0.    0.    0.    0.    0.    0.    0.    0.    0.    0.    0.    0.    0.    0.    0.    0.    0.    0.    0.    0.    0.    0.    0.    0.    0.    0.    0.    0.    0.    0.    1.    0.    0.    0.    0.    0.    0.    0.    0.    0.    0.    0.    0.    0.    0.  ]
 [ 0.    0.    0.    0.    0.08  0.    0.08  0.    0.    0.    0.    0.    0.    0.15  0.    0.    0.    0.    0.    0.15  0.    0.15  0.    0.15  0.    0.    0.    0.    0.    0.    0.    0.    0.23  0.    0.    0.    0.    0.    0.    0.    0.    0.    0.    0.    0.    0.    0.    0.    0.    0.  ]
 [ 0.    0.    0.    0.    0.03  0.    0.    0.    0.    0.    0.    0.    0.    0.    0.63  0.    0.    0.    0.    0.    0.    0.    0.    0.03  0.03  0.    0.    0.    0.07  0.07  0.    0.    0.    0.    0.    0.07  0.    0.    0.    0.    0.    0.    0.    0.    0.    0.    0.    0.    0.07  0.  ]
 [ 0.    0.    0.01  0.06  0.    0.    0.    0.    0.    0.    0.    0.    0.    0.    0.    0.58  0.    0.    0.    0.    0.    0.1   0.02  0.    0.    0.    0.    0.    0.01  0.2   0.    0.    0.    0.    0.    0.    0.    0.    0.    0.    0.    0.    0.    0.    0.    0.    0.    0.    0.    0.  ]
 [ 0.    0.    0.    0.01  0.    0.    0.    0.    0.    0.    0.    0.    0.    0.01  0.    0.04  0.57  0.01  0.09  0.    0.    0.    0.    0.1   0.01  0.    0.    0.    0.    0.15  0.    0.    0.    0.    0.    0.    0.    0.    0.    0.    0.    0.    0.    0.    0.    0.    0.    0.    0.    0.  ]
 [ 0.    0.02  0.    0.02  0.    0.01  0.    0.    0.    0.    0.    0.    0.    0.    0.    0.01  0.02  0.65  0.    0.    0.    0.    0.    0.    0.    0.    0.    0.04  0.04  0.18  0.    0.    0.    0.    0.    0.    0.    0.    0.    0.    0.    0.    0.    0.    0.    0.    0.    0.    0.    0.  ]
 [ 0.    0.    0.    0.01  0.01  0.    0.    0.    0.    0.    0.    0.    0.    0.    0.    0.    0.09  0.    0.7   0.01  0.    0.02  0.    0.04  0.01  0.    0.    0.    0.    0.07  0.    0.    0.01  0.    0.    0.    0.    0.    0.    0.    0.    0.    0.    0.    0.    0.    0.    0.    0.01  0.  ]
 [ 0.    0.    0.    0.    0.    0.    0.    0.    0.    0.    0.    0.    0.    0.04  0.    0.02  0.    0.    0.06  0.43  0.    0.12  0.    0.22  0.    0.    0.    0.    0.    0.1   0.    0.    0.    0.    0.    0.    0.    0.    0.    0.    0.    0.    0.    0.    0.    0.    0.    0.    0.    0.  ]
 [ 0.    0.    0.    0.    0.    0.    0.    0.    0.    0.    0.    0.    0.    0.    0.    0.    0.    0.    0.    0.    0.    0.    0.    0.    0.    0.    0.    1.    0.    0.    0.    0.    0.    0.    0.    0.    0.    0.    0.    0.    0.    0.    0.    0.    0.    0.    0.    0.    0.    0.  ]
 [ 0.    0.    0.01  0.01  0.    0.01  0.    0.01  0.    0.    0.    0.    0.    0.    0.    0.02  0.    0.    0.    0.    0.    0.58  0.01  0.01  0.    0.01  0.    0.    0.05  0.21  0.    0.    0.04  0.    0.    0.    0.    0.    0.    0.    0.    0.    0.    0.    0.    0.    0.    0.    0.    0.  ]
 [ 0.    0.    0.01  0.09  0.    0.    0.    0.    0.    0.    0.    0.    0.    0.    0.    0.04  0.    0.    0.    0.    0.    0.11  0.47  0.    0.    0.01  0.    0.    0.04  0.18  0.    0.    0.01  0.02  0.    0.    0.    0.    0.    0.    0.    0.    0.    0.    0.01  0.    0.    0.    0.    0.  ]
 [ 0.    0.    0.    0.01  0.    0.01  0.    0.    0.    0.    0.    0.    0.    0.    0.    0.    0.    0.    0.    0.    0.    0.01  0.    0.83  0.01  0.    0.    0.    0.02  0.08  0.    0.    0.    0.    0.    0.01  0.    0.    0.    0.02  0.    0.    0.    0.    0.    0.    0.    0.    0.    0.  ]
 [ 0.    0.    0.    0.05  0.01  0.    0.    0.    0.    0.    0.    0.    0.    0.    0.    0.    0.    0.    0.    0.    0.    0.    0.    0.1   0.47  0.    0.    0.    0.09  0.16  0.    0.    0.    0.    0.    0.01  0.    0.    0.    0.01  0.01  0.    0.    0.    0.    0.    0.    0.    0.07  0.  ]
 [ 0.    0.    0.    0.    0.    0.    0.    0.01  0.    0.1   0.    0.    0.    0.    0.    0.    0.    0.    0.    0.    0.    0.2   0.02  0.    0.    0.32  0.    0.    0.06  0.12  0.    0.    0.02  0.    0.    0.    0.    0.    0.    0.    0.    0.    0.02  0.    0.12  0.    0.    0.    0.    0.  ]
 [ 0.    0.    0.    0.    0.    0.    0.    0.    0.    0.    0.    0.    0.    0.    0.    0.    0.    0.    0.    0.    0.    0.    0.    0.5   0.    0.    0.5   0.    0.    0.    0.    0.    0.    0.    0.    0.    0.    0.    0.    0.    0.    0.    0.    0.    0.    0.    0.    0.    0.    0.  ]
 [ 0.    0.    0.02  0.16  0.    0.02  0.    0.    0.    0.    0.    0.    0.    0.    0.    0.    0.    0.07  0.02  0.    0.02  0.04  0.    0.    0.    0.    0.    0.35  0.05  0.22  0.02  0.    0.    0.    0.    0.02  0.    0.    0.    0.    0.    0.    0.    0.    0.    0.    0.    0.    0.    0.  ]
 [ 0.    0.01  0.    0.    0.    0.01  0.    0.    0.    0.    0.    0.    0.    0.    0.    0.    0.    0.    0.    0.    0.    0.01  0.    0.    0.    0.    0.    0.    0.65  0.15  0.02  0.    0.    0.    0.    0.14  0.    0.    0.    0.    0.    0.    0.    0.    0.    0.    0.    0.    0.    0.  ]
 [ 0.    0.    0.    0.01  0.    0.01  0.    0.    0.    0.    0.    0.    0.    0.    0.    0.01  0.    0.    0.    0.    0.    0.04  0.    0.02  0.    0.    0.    0.    0.12  0.75  0.    0.    0.    0.    0.    0.01  0.    0.    0.    0.    0.    0.    0.    0.    0.    0.    0.    0.    0.    0.  ]
 [ 0.    0.18  0.    0.    0.    0.01  0.    0.    0.    0.    0.    0.    0.    0.    0.    0.    0.    0.    0.    0.    0.    0.    0.    0.    0.    0.    0.    0.    0.06  0.01  0.57  0.    0.    0.    0.    0.17  0.    0.    0.    0.    0.    0.    0.    0.    0.    0.    0.    0.    0.    0.  ]
 [ 0.    0.25  0.    0.    0.    0.    0.    0.    0.    0.    0.    0.    0.    0.    0.    0.    0.    0.    0.    0.    0.    0.    0.    0.    0.    0.    0.    0.    0.5   0.    0.    0.25  0.    0.    0.    0.    0.    0.    0.    0.    0.    0.    0.    0.    0.    0.    0.    0.    0.    0.  ]
 [ 0.    0.    0.01  0.01  0.    0.    0.    0.07  0.    0.    0.    0.    0.    0.    0.    0.    0.    0.    0.    0.    0.    0.46  0.01  0.    0.    0.01  0.    0.    0.01  0.05  0.    0.    0.32  0.    0.    0.    0.    0.    0.    0.    0.    0.    0.    0.    0.02  0.    0.    0.    0.    0.  ]
 [ 0.    0.01  0.02  0.07  0.    0.    0.    0.    0.    0.    0.    0.    0.    0.    0.    0.04  0.    0.    0.01  0.    0.    0.08  0.34  0.    0.01  0.    0.    0.    0.05  0.07  0.    0.    0.04  0.24  0.    0.    0.    0.    0.    0.    0.    0.    0.    0.    0.02  0.    0.    0.    0.    0.  ]
 [ 0.    0.    0.    0.    0.    0.    0.    0.    0.    0.    0.    0.    0.    0.    0.    0.    0.    0.    0.    0.    0.    0.    0.    0.    0.    0.    0.    0.    1.    0.    0.    0.    0.    0.    0.    0.    0.    0.    0.    0.    0.    0.    0.    0.    0.    0.    0.    0.    0.    0.  ]
 [ 0.    0.08  0.    0.    0.    0.01  0.    0.    0.    0.    0.    0.    0.    0.    0.    0.    0.    0.    0.    0.    0.    0.    0.    0.    0.    0.    0.    0.    0.22  0.02  0.13  0.    0.    0.    0.    0.54  0.    0.    0.    0.    0.    0.    0.    0.    0.    0.    0.    0.    0.    0.  ]
 [ 0.    0.    0.    0.    0.    0.    0.    0.    0.    0.    0.    0.    0.    0.    0.    0.    0.    0.    0.    0.    0.    1.    0.    0.    0.    0.    0.    0.    0.    0.    0.    0.    0.    0.    0.    0.    0.    0.    0.    0.    0.    0.    0.    0.    0.    0.    0.    0.    0.    0.  ]
 [ 0.    0.    0.    0.    0.    0.    0.    0.    0.    0.    0.    0.    0.    0.    0.    0.    0.    0.    0.    0.    0.    0.    0.    0.4   0.    0.    0.    0.    0.    0.    0.    0.    0.    0.    0.    0.    0.    0.6   0.    0.    0.    0.    0.    0.    0.    0.    0.    0.    0.    0.  ]
 [ 0.    1.    0.    0.    0.    0.    0.    0.    0.    0.    0.    0.    0.    0.    0.    0.    0.    0.    0.    0.    0.    0.    0.    0.    0.    0.    0.    0.    0.    0.    0.    0.    0.    0.    0.    0.    0.    0.    0.    0.    0.    0.    0.    0.    0.    0.    0.    0.    0.    0.  ]
 [ 0.    0.    0.    0.01  0.    0.    0.    0.    0.07  0.    0.    0.    0.    0.    0.    0.    0.    0.    0.    0.    0.    0.    0.    0.46  0.02  0.    0.    0.    0.01  0.02  0.    0.    0.    0.    0.    0.    0.    0.    0.    0.37  0.    0.    0.    0.    0.    0.    0.    0.    0.03  0.  ]
 [ 0.    0.    0.    0.02  0.    0.    0.    0.    0.    0.    0.    0.    0.    0.    0.    0.    0.    0.    0.    0.    0.    0.    0.    0.16  0.3   0.    0.    0.    0.02  0.09  0.    0.    0.    0.    0.    0.05  0.    0.    0.    0.07  0.14  0.    0.    0.    0.    0.    0.    0.    0.16  0.  ]
 [ 0.    0.    0.    0.    0.    0.    0.    0.25  0.    0.    0.    0.    0.    0.    0.    0.    0.    0.    0.    0.    0.    0.    0.    0.    0.    0.25  0.    0.    0.25  0.25  0.    0.    0.    0.    0.    0.    0.    0.    0.    0.    0.    0.    0.    0.    0.    0.    0.    0.    0.    0.  ]
 [ 0.    0.    0.    0.    0.    0.01  0.    0.    0.    0.05  0.    0.    0.    0.    0.    0.    0.    0.    0.    0.    0.    0.08  0.01  0.    0.    0.28  0.    0.    0.11  0.15  0.    0.    0.    0.    0.    0.01  0.    0.    0.    0.    0.    0.    0.19  0.    0.09  0.    0.    0.    0.01  0.  ]
 [ 0.    0.    0.    0.    0.    0.    0.    0.    0.    0.    0.    0.    0.    0.    0.    0.    0.    0.    0.    0.    0.    0.    0.    0.    0.    0.    0.    0.    0.    0.    0.    0.    0.    0.    0.    0.    0.    0.    0.    0.    0.    0.    0.    0.    1.    0.    0.    0.    0.    0.  ]
 [ 0.    0.    0.    0.01  0.    0.    0.    0.    0.    0.12  0.    0.    0.    0.    0.    0.    0.    0.    0.    0.    0.    0.17  0.05  0.    0.    0.2   0.    0.    0.04  0.05  0.    0.    0.08  0.01  0.    0.    0.    0.    0.    0.    0.    0.    0.01  0.    0.25  0.    0.    0.    0.    0.  ]
 [ 0.    0.    0.    0.    0.    0.    0.    0.    0.    0.    0.2   0.    0.    0.    0.    0.    0.    0.    0.    0.    0.    0.    0.    0.2   0.    0.    0.    0.    0.    0.    0.    0.    0.    0.    0.    0.    0.    0.    0.    0.2   0.    0.    0.    0.    0.    0.4   0.    0.    0.    0.  ]
 [ 0.    0.    0.    0.    0.    0.    0.    0.    0.    0.    0.    0.    0.    0.    0.    0.    0.    0.    0.    0.    0.    0.    0.    0.    0.    1.    0.    0.    0.    0.    0.    0.    0.    0.    0.    0.    0.    0.    0.    0.    0.    0.    0.    0.    0.    0.    0.    0.    0.    0.  ]
 [ 0.    0.    0.    0.    0.    0.    0.    0.    0.    1.    0.    0.    0.    0.    0.    0.    0.    0.    0.    0.    0.    0.    0.    0.    0.    0.    0.    0.    0.    0.    0.    0.    0.    0.    0.    0.    0.    0.    0.    0.    0.    0.    0.    0.    0.    0.    0.    0.    0.    0.  ]
 [ 0.    0.04  0.01  0.03  0.    0.01  0.    0.    0.    0.01  0.    0.    0.    0.    0.01  0.01  0.    0.    0.    0.    0.    0.02  0.01  0.18  0.15  0.02  0.    0.    0.07  0.11  0.01  0.    0.    0.    0.    0.05  0.    0.    0.    0.06  0.04  0.    0.    0.    0.    0.    0.    0.    0.15  0.  ]
 [ 0.    0.    0.    0.    0.    0.    0.    0.    0.    0.    0.    0.    0.    0.    0.    0.    0.    0.    0.    0.    0.    0.    0.    0.    0.    0.    0.    0.    0.    0.    0.    0.    0.    0.    0.    1.    0.    0.    0.    0.    0.    0.    0.    0.    0.    0.    0.    0.    0.    0.  ]]