5.37
5.4
5.34
5.51
5.56
5.73
5.59
5.5
5.6
5.51
5.38
5.44
5.4
5.51
5.4
5.72
5.47
5.6
5.8
5.83
5.75
5.8
5.87
5.49
5.37
5.37
5.42
5.55
5.65
5.78
5.64
5.52
5.7
5.69
5.44
5.5
5.54
5.68
5.59
5.84
5.64
5.74
5.94
5.95
5.84
5.84
5.96
5.57
5.45
5.31
5.41
5.52
5.6
5.79
5.68
5.46
5.6
5.65
5.5
5.6
5.62
5.76
5.62
5.81
5.63
5.7
5.85
5.96
5.79
5.76
5.9
5.55
5.36
5.2
5.32
5.43
5.55
5.71
5.63
5.4
5.55
5.49
5.34
5.49
5.6
5.73
5.63
5.78
5.61
5.72
5.82
5.85
5.68
5.67
5.88
5.57
5.35
5.14
5.2
5.34
5.5
5.57
5.47
5.27
5.34
5.41
5.35
5.56
5.67
5.75
5.6
5.87
5.68
5.74
5.8
5.85
5.7
5.64
5.83
5.55
5.32
5.1
5.1
5.25
5.43
5.51
5.5
5.23
5.26
5.35
5.32
5.5
5.62
5.73
5.76
5.91
5.74
5.86
5.89
5.84
5.63
5.62
5.87
5.57
5.29
5.03
5.15
5.36
5.53
5.59
5.55
5.36
5.22
5.31
5.22
5.5
5.66
5.67
5.72
5.78
5.63
5.7
5.76
5.77
5.56
5.6
5.85
5.49
5.17
4.94
5.18
5.25
5.46
5.47
5.39
5.31
5.18
5.28
5.19
5.48
5.71
5.71
5.77
5.77
5.64
5.72
5.66
5.72
5.49
5.53
5.77
5.53
5.17
4.92
5.1
5.18
5.44
5.49
5.3
5.28
5.16
5.37
5.22
5.47
5.75
5.75
5.75
5.74
5.63
5.74
5.68
5.76
5.5
5.49
5.77
5.62
5.28
5.08
5.16
5.19
5.51
5.56
5.31
5.34
5.16
5.41
5.22
5.45
5.76
5.77
5.75
5.77
5.63
5.77
5.71
5.74
5.61
5.53
5.79
5.64
5.29
5.03
5.2
5.12
5.41
5.4
5.21
5.3
5.09
5.35
5.16
5.36
5.69
5.59
5.64
5.63
5.56
5.75
5.69
5.65
5.56
5.49
5.77
5.59
5.23
5.0
5.2
5.12
5.33
5.32
5.1
5.19
5.0
5.3
5.1
5.29
5.68
5.59
5.62
5.59
5.52
5.65
5.6
5.61
5.56
5.37
5.64
5.47
5.16
4.93
5.17
5.17
5.36
5.28
5.06
5.19
4.94
5.2
5.06
5.27
5.62
5.45
5.48
5.37
5.36
5.51
5.57
5.51
5.49
5.4
5.67
5.51
5.18
4.97
5.13
5.2
5.33
5.25
5.01
5.13
4.97
5.23
5.05
5.19
5.54
5.4
5.38
5.3
5.34
5.53
5.6
5.46
5.46
5.36
5.6
5.41
5.24
4.98
5.15
5.19
5.36
5.29
5.05
5.1
4.93
5.22
5.06
5.23
5.56
5.32
5.38
5.25
5.38
5.5
5.55
5.4
5.43
5.36
5.61
5.45
5.2
5.08
5.27
5.29
5.41
5.37
5.19
5.17
5.13
5.3
5.15
5.25
5.64
5.44
5.47
5.3
5.41
5.53
5.62
5.52
5.52
5.39
5.61
5.5
5.28
5.19
5.29
5.34
5.36
5.37
5.2
5.18
5.05
5.16
5.07
5.15
5.49
5.18
5.35
5.23
5.36
5.45
5.51
5.45
5.42
5.38
5.62
5.53
5.32
5.28
5.33
5.35
5.34
5.35
5.17
5.18
5.02
5.15
5.02
5.02
5.4
5.1
5.27
5.14
5.26
5.37
5.51
5.32
5.33
5.23
5.46
5.37
5.32
5.32
5.35
5.33
5.27
5.25
5.06
5.09
4.94
5.15
4.97
5.06
5.37
5.0
5.16
5.03
5.19
5.24
5.48
5.34
5.3
5.14
5.35
5.23
5.23
5.31
5.34
5.28
5.12
5.12
4.91
4.97
4.89
5.06
4.84
4.84
5.13
4.85
5.13
4.97
5.17
5.14
5.39
5.26
5.26
5.11
5.21
5.14
5.16
5.17
5.28
5.2
5.08
5.07
4.92
4.99
4.91
5.09
4.8
4.84
5.17
4.9
5.02
4.93
5.16
5.06
5.3
5.28
5.29
5.17
5.16
5.16
5.14
5.16
5.26
5.2
5.1
5.17
5.1
5.02
5.06
5.2
4.91
4.91
5.14
4.9
5.07
4.95
5.22
5.1
5.37
5.19
5.24
5.12
5.14
5.23
5.2
5.22
5.28
5.25
5.12
5.23
5.22
5.1
5.14
5.25
4.93
4.89
5.13
4.81
5.02
4.86
5.12
5.07
5.38
5.2
5.27
5.14
5.18
5.27
5.26
5.25
5.34
5.31
5.1
5.15
5.24
5.1
5.0
5.13
4.82
4.74
5.05
4.69
4.97
4.87
5.03
5.05
5.31
5.11
5.2
5.18
5.18
5.32
5.26
5.17
5.32
5.36
5.14
5.16
5.25
5.09
5.0
5.13
4.88
4.73
4.99
4.67
4.97
4.89
5.1
5.03
5.31
5.15
5.2
5.22
5.24
5.28
5.23
5.16
5.3
5.42
5.19
5.24
5.34
5.17
5.15
5.24
5.05
4.92
5.13
4.84
4.98
4.95
5.16
4.99
5.33
5.21
5.22
5.31
5.27
5.31
5.37
5.3
5.4
5.48
5.25
5.33
5.42
5.26
5.24
5.31
5.1
5.01
5.14
4.83
4.95
5.01
5.22
5.07
5.33
5.27
5.26
5.34
5.35
5.41
5.4
5.37
5.42
5.42
5.19
5.34
5.47
5.27
5.26
5.33
5.07
4.92
5.14
4.86
4.97
5.01
5.19
5.07
5.32
5.25
5.18
5.22
5.21
5.29
5.28
5.27
5.38
5.33
5.09
5.24
5.41
5.22
5.22
5.24
5.08
4.94
5.1
4.87
4.98
5.01
5.21
5.03
5.3
5.31
5.25
5.28
5.27
5.34
5.21
5.25
5.31
5.22
4.92
5.11
5.26
5.1
5.16
5.14
5.01
4.83
5.0
4.89
4.99
5.02
5.22
5.13
5.39
5.35
5.31
5.27
5.35
5.41
5.28
5.16
5.25
5.15
4.89
5.02
5.23
5.12
5.2
5.22
5.01
4.85
5.01
4.89
4.94
4.91
5.13
4.99
5.25
5.2
5.2
5.18
5.22
5.25
5.19
5.03
5.18
5.05
4.86
4.99
5.17
5.09
5.23
5.26
5.01
4.83
5.05
4.93
4.87
4.91
4.98
4.94
5.24
5.24
5.26
5.12
5.13
5.17
5.09
4.98
5.01
4.97
4.85
4.98
5.12
5.13
5.23
5.25
4.92
4.81
5.01
4.87
4.85
4.92
4.93
4.93
5.18
5.29
5.27
5.27
5.25
5.25
5.09
5.0
5.01
4.99
4.87
4.99
5.12
5.21
5.28
5.27
4.93
4.75
4.95
4.95
4.92
5.01
5.06
5.08
5.24
5.28
5.25
5.33
5.3
5.29
5.16
5.02
5.03
5.02
5.06
5.13
5.24
5.37
5.33
5.23
4.97
4.86
5.05
5.03
4.97
5.02
4.98
5.07
5.19
5.24
5.17
5.21
5.27
5.25
5.11
5.02
5.03
5.02
4.97
5.08
5.2
5.22
5.2
5.18
4.99
4.86
5.03
4.98
4.94
5.0
4.84
4.93
5.1
5.15
5.07
5.16
5.27
5.18
5.01
4.98
5.0
4.88
4.81
4.85
4.92
5.08
5.1
5.08
4.83
4.7
4.9
4.85
4.84
4.91
4.71
4.82
5.06
5.14
5.06
5.15
5.2
5.08
4.98
4.93
4.93
4.81
4.78
4.82
4.78
4.92
5.01
4.95
4.74
4.63
4.87
4.87
4.84
4.97
4.82
4.9
5.17
5.23
5.1
5.19
5.18
5.06
4.9
4.84
4.83
4.73
4.76
4.78
4.79
4.9
5.15
5.08
4.82
4.76
4.93
4.95
4.86
4.93
4.86
4.85
5.17
5.28
5.15
5.15
5.14
4.94
4.83
4.74
4.81
4.71
4.66
4.7
4.84
4.92
5.17
5.15
4.82
4.78
4.99
4.91
4.87
4.92
4.85
4.91
5.07
5.16
5.07
5.09
5.09
5.02
4.98
4.85
4.91
4.77
4.72
4.71
4.76
4.93
5.13
5.08
4.71
4.69
4.88
4.85
4.84
4.82
4.86
4.93
5.08
5.1
5.06
5.01
5.01
5.02
4.93
4.77
4.87
4.71
4.73
4.67
4.8
4.89
5.06
5.05
4.73
4.66
4.93
4.93
4.87
4.77
4.74
4.77
4.99
4.99
4.94
4.92
4.9
4.9
4.86
4.68
4.77
4.71
4.65
4.62
4.77
4.89
5.08
5.13
4.79
4.74
4.97
5.02
4.97
4.86
4.91
4.92
5.09
5.08
5.08
5.0
5.07
5.01
4.99
4.84
4.85
4.75
4.7
4.71
4.82
4.99
5.11
5.18
4.83
4.7
4.94
4.97
4.91
4.8
4.86
4.91
5.03
5.08
4.98
4.95
5.06
4.99
5.06
4.88
4.88
4.81
4.86
4.77
4.9
5.06
5.14
5.21
4.76
4.73
5.02
5.05
5.0
4.9
4.92
4.91
5.01
5.1
4.97
4.95
4.9
4.9
5.05
5.03
4.86
4.9
4.87
4.83
4.84
5.06
5.09
5.13
4.75
4.73
4.98
5.0
5.03
5.03
5.03
5.08
5.12
5.24
5.07
5.05
4.99
4.97
5.06
5.06
4.86
4.86
4.8
4.79
4.81
5.05
5.07
5.11
4.79
4.73
4.98
5.03
5.06
4.95
5.07
5.05
5.17
5.22
5.07
5.14
5.05
5.05
5.09
5.03
4.98
4.95
4.86
4.78
4.84
5.11
5.19
5.11
4.86
4.8
5.03
5.05
5.07
4.97
5.12
5.11
5.14
5.16
5.0
5.05
4.89
4.88
4.97
4.89
4.83
4.86
4.81
4.74
4.81
5.01
5.13
5.07
4.83
4.83
4.99
4.92
4.98
4.89
5.03
5.03
5.1
5.17
5.07
5.08
4.83
4.9
4.93
4.87
4.89
4.83
4.7
4.62
4.77
4.92
5.1
5.07
4.78
4.76
4.99
4.87
4.93
4.81
5.0
5.06
5.2
5.2
5.17
5.23
5.02
5.02
5.09
5.05
5.09
4.99
4.92
4.82
4.84
5.09
5.36
5.19
4.83
4.77
5.03
4.95
4.99
4.85
5.08
5.16
5.22
5.16
5.18
5.15
5.0
4.98
5.16
5.08
5.12
5.1
5.01
4.94
4.97
5.11
5.32
5.15
4.85
4.83
5.08
4.94
4.98
4.9
5.12
5.2
5.2
5.17
5.18
5.08
4.98
5.03
5.11
4.99
5.02
5.09
4.93
4.91
4.95
5.09
5.23
5.06
4.84
4.85
4.94
4.87
4.97
4.86
5.02
5.02
5.08
5.08
5.11
5.03
4.95
5.05
5.21
5.02
5.09
5.18
5.02
4.98
4.97
5.11
5.18
5.03
4.86
4.85
4.92
4.79
4.92
4.82
5.01
4.97
5.05
4.97
5.02
4.94
4.91
5.08
5.14
5.06
5.06
5.1
4.99
4.93
4.84
4.97
5.05
4.84
4.74
4.75
4.91
4.75
4.88
4.71
4.9
4.81
5.01
4.98
4.99
4.92
4.84
4.92
4.95
4.91
4.91
5.02
4.93
4.94
4.92
4.95
5.0
4.89
4.77
4.82
5.01
4.83
4.95
4.83
4.98
4.86
5.07
5.09
5.03
5.03
4.84
4.87
4.9
4.9
4.9
5.01
4.92
4.91
4.83
4.95
5.11
4.97
4.8
4.84
4.99
4.75
4.94
4.9
5.03
4.97
5.1
5.07
5.06
5.09
4.83
4.92
4.97
4.93
5.0
5.03
4.98
4.97
4.79
4.83
5.05
4.85
4.76
4.76
4.91
4.62
4.82
4.81
4.94
4.84
4.97
4.97
4.93
5.01
4.66
4.77
4.83
4.78
4.89
4.94
4.94
4.93
4.79
4.69
5.05
4.78
4.7
4.79
4.98
4.7
4.93
4.89
5.0
4.81
4.97
4.84
4.86
5.01
4.65
4.76
4.81
4.73
4.9
4.91
4.81
4.85
4.69
4.65
5.1
4.87
4.89
4.86
5.01
4.69
4.89
4.84
4.89
4.79
4.98
4.8
4.77
4.94
4.7
4.81
4.68
4.53
4.85
4.77
4.74
4.77
4.72
4.69
5.07
4.91
4.83
4.9
5.09
4.81
5.02
4.91
4.93
4.79
4.93
4.68
4.71
4.86
4.73
4.76
4.66
4.55
4.82
4.79
4.81
4.77
4.78
4.65
5.07
4.83
4.81
4.94
5.1
4.85
5.03
4.92
4.91
4.83
4.9
4.64
4.67
4.77
4.68
4.61
4.67
4.59
4.76
4.74
4.69
4.74
4.79
4.51
4.92
4.85
4.81
4.89
5.0
4.84
5.0
4.9
4.77
4.74
4.88
4.62
4.59
4.66
4.62
4.57
4.56
4.54
4.78
4.74
4.65
4.69
4.69
4.44
4.78
4.72
4.77
4.83
5.0
4.89
5.01
4.91
4.81
4.77
4.85
4.63
4.6
4.66
4.63
4.57
4.66
4.65
4.81
4.78
4.72
4.82
4.75
4.57
4.85
4.83
4.87
4.84
5.0
4.97
5.05
4.89
4.85
4.81
4.9
4.69
4.57
4.63
4.55
4.49
4.52
4.53
4.61
4.59
4.54
4.67
4.61
4.5
4.65
4.71
4.82
4.77
4.88
4.92
5.03
4.91
4.79
4.72
4.84
4.7
4.58
4.58
4.46
4.38
4.4
4.36
4.48
4.43
4.38
4.53
4.48
4.42
4.59
4.71
4.85
4.77
4.97
4.92
5.05
4.9
4.76
4.7
4.86
4.7
4.55
4.54
4.37
4.24
4.4
4.41
4.57
4.45
4.38
4.5
4.41
4.31
4.52
4.57
4.69
4.62
4.81
4.87
4.89
4.81
4.68
4.7
4.79
4.61
4.49
4.47
4.29
4.15
4.24
4.42
4.56
4.46
4.32
4.51
4.44
4.39
4.6
4.54
4.61
4.59
4.75
4.84
4.86
4.84
4.67
4.76
4.85
4.64
4.46
4.48
4.29
4.11
4.24
4.41
4.59
4.46
4.32
4.49
4.44
4.5
4.68
4.61
4.69
4.63
4.77
4.94
4.9
4.97
4.76
4.8
4.91
4.67
4.52
4.51
4.41
4.22
4.21
4.42
4.56
4.46
4.31
4.46
4.39
4.43
4.67
4.6
4.71
4.55
4.71
4.86
4.9
5.01
4.77
4.81
4.92
4.71
4.55
4.45
4.45
4.28
4.24
4.33
4.51
4.42
4.27
4.5
4.44
4.46
4.54
4.56
4.65
4.51
4.67
4.81
4.78
4.8
4.7
4.73
4.91
4.68
4.52
4.43
4.54
4.34
4.28
4.36
4.57
4.37
4.5
4.48
4.51
4.49
4.58
4.64
4.55
4.69
4.83
4.81
4.78
4.68
4.78
4.9
4.68
4.54
4.43
4.59
4.38
4.24
4.28
4.49
4.4
4.32
4.39
4.43
4.59
4.42
4.49
4.54
4.41
4.5
4.62
4.61
4.63
4.55
4.64
4.76
4.56
4.5
4.27
4.45
4.2
4.1
4.07
4.35
4.32
4.29
4.3
4.3
4.38
4.17
4.33
4.39
4.27
4.34
4.5
4.43
4.43
4.4
4.47
4.55
4.44
4.38
4.17
4.32
4.06
4.05
4.03
4.32
4.33
4.36
4.36
4.26
4.34
4.21
4.32
4.43
4.22
4.27
4.43
4.27
4.32
4.33
4.37
4.54
4.51
4.44
4.21
4.41
4.19
4.15
4.15
4.45
4.42
4.42
4.42
4.27
4.38
4.25
4.45
4.47
4.23
4.31
4.44
4.35
4.44
4.48
4.43
4.54
4.47
4.46
4.25
4.42
4.18
4.04
4.08
4.42
4.4
4.5
4.43
4.27
4.45
4.37
4.44
4.39
4.24
4.39
4.46
4.38
4.47
4.61
4.51
4.61
4.57
4.6
4.35
4.55
4.39
4.24
4.22
4.47
4.41
4.6
4.52
4.41
4.64
4.61
4.57
4.52
4.33
4.42
4.44
4.38
4.44
4.57
4.43
4.57
4.53
4.58
4.31
4.57
4.46
4.22
4.17
4.44
4.43
4.48
4.42
4.4
4.61
4.65
4.6
4.56
4.41
4.6
4.5
4.5
4.6
4.65
4.52
4.6
4.55
4.57
4.21
4.53
4.5
4.24
4.19
4.48
4.49
4.54
4.44
4.48
4.67
4.77
4.72
4.67
4.54
4.67
4.56
4.55
4.63
4.76
4.59
4.63
4.59
4.61
4.32
4.63
4.58
4.32
4.32
4.6
4.63
4.64
4.49
4.52
4.69
4.78
4.68
4.63
4.54
4.63
4.58
4.52
4.63
4.78
4.67
4.65
4.51
4.6
4.4
4.76
4.7
4.4
4.32
4.57
4.67
4.67
4.52
4.61
4.81
4.89
4.83
4.78
4.71
4.86
4.69
4.68
4.72
4.88
4.75
4.75
4.66
4.67
4.49
4.8
4.73
4.4
4.24
4.51
4.53
4.64
4.49
4.47
4.7
4.86
4.84
4.85
4.75
4.97
4.77
4.76
4.73
4.88
4.73
4.69
4.61
4.76
4.51
4.83
4.81
4.47
4.2
4.51
4.43
4.54
4.42
4.42
4.61
4.8
4.76
4.77
4.69
4.86
4.66
4.65
4.62
4.74
4.63
4.61
4.55
4.66
4.43
4.79
4.74
4.5
4.17
4.59
4.48
4.56
4.42
4.45
4.78
4.93
4.82
4.87
4.85
4.89
4.75
4.73
4.52
4.65
4.56
4.5
4.49
4.57
4.37
4.75
4.68
4.41
4.17
4.62
4.47
4.52
4.43
4.43
4.79
4.95
4.73
4.81
4.77
4.81
4.7
4.74
4.57
4.67
4.61
4.46
4.46
4.53
4.37
4.63
4.61
4.32
4.1
4.5
4.35
4.49
4.4
4.42
4.78
4.99
4.69
4.78
4.74
4.82
4.67
4.78
4.66
4.69
4.62
4.48
4.52
4.5
4.35
4.63
4.61
4.38
4.26
4.58
4.4
4.48
4.39
4.41
4.69
4.99
4.74
4.8
4.81
4.93
4.77
4.89
4.72
4.72
4.63
4.59
4.54
4.49
4.35
4.58
4.59
4.33
4.26
4.59
4.34
4.41
4.33
4.44
4.73
4.97
4.72
4.72
4.8
4.93
4.78
4.95
4.83
4.81
4.72
4.68
4.66
4.65
4.49
4.65
4.71
4.39
4.31
4.62
4.39
4.42
4.36
4.52
4.78
5.0
4.76
4.75
4.8
4.93
4.82
5.09
4.92
4.83
4.8
4.68
4.66
4.63
4.5
4.54
4.57
4.25
4.3
4.58
4.39
4.4
4.27
4.42
4.75
4.92
4.69
4.62
4.68
4.85
4.73
4.98
4.76
4.67
4.68
4.61
4.63
4.51
4.37
4.39
4.56
4.25
4.19
4.49
4.31
4.31
4.29
4.35
4.71
4.79
4.73
4.67
4.68
4.9
4.72
4.95
4.76
4.67
4.65
4.59
4.58
4.49
4.37
4.37
4.49
4.18
4.18
4.48
4.34
4.27
4.25
4.4
4.71
4.73
4.79
4.67
4.75
4.94
4.85
5.09
4.93
4.78
4.78
4.71
4.7
4.55
4.41
4.35
4.45
4.18
4.21
4.51
4.31
4.32
4.29
4.36
4.66
4.62
4.67
4.59
4.67
4.8
4.75
4.99
4.8
4.75
4.71
4.64
4.65
4.54
4.46
4.35
4.46
4.23
4.22
4.52
4.41
4.35
4.3
4.32
4.59
4.58
4.61
4.52
4.58
4.73
4.66
4.85
4.68
4.64
4.7
4.68
4.67
4.54
4.45
4.34
4.48
4.27
4.26
4.49
4.35
4.36
4.36
4.42
4.62
4.63
4.71
4.51
4.54
4.67
4.62
4.82
4.59
4.6
4.63
4.63
4.7
4.55
4.35
4.23
4.35
4.18
4.24
4.47
4.25
4.32
4.34
4.36
4.62
4.57
4.72
4.45
4.52
4.58
4.57
4.78
4.53
4.57
4.61
4.63
4.68
4.57
4.32
4.21
4.35
4.18
4.27
4.46
4.31
4.33
4.31
4.41
4.62
4.52
4.66
4.39
4.51
4.43
4.53
4.76
4.59
4.57
4.68
4.73
4.79
4.63
4.32
4.21
4.25
4.14
4.28
4.38
4.29
4.3
4.28
4.35
4.5
4.39
4.57
4.3
4.43
4.36
4.43
4.68
4.45
4.52
4.66
4.67
4.66
4.52
4.18
4.05
4.11
4.04
4.21
4.2
4.16
4.15
4.17
4.23
4.24
4.21
4.41
4.11
4.24
4.33
4.33
4.59
4.45
4.52
4.68
4.68
4.59
4.51
4.19
4.06
4.09
4.02
4.13
4.07
4.19
4.16
4.06
4.13
4.2
4.14
4.39
4.11
4.27
4.27
4.29
4.5
4.46
4.53
4.62
4.76
4.65
4.6
4.17
4.05
4.12
4.12
4.19
4.15
4.27
4.18
4.09
4.07
4.2
4.17
4.33
4.09
4.28
4.32
4.38
4.59
4.59
4.63
4.65
4.83
4.69
4.76
4.36
4.21
4.21
4.25
4.15
4.16
4.4
4.31
4.26
4.19
4.33
4.3
4.46
4.18
4.4
4.32
4.39
4.53
4.58
4.63
4.73
4.82
4.77
4.8
4.45
4.29
4.27
4.34
4.19
4.17
4.48
4.46
4.38
4.32
4.39
4.34
4.48
4.28
4.46
4.39
4.35
4.49
4.49
4.56
4.67
4.73
4.64
4.67
4.33
4.22
4.15
4.24
4.11
4.12
4.34
4.32
4.29
4.19
4.24
4.16
4.31
4.2
4.38
4.27
4.2
4.38
4.36
4.44
4.57
4.69
4.63
4.67
4.29
4.21
4.14
4.29
4.03
3.96
4.19
4.19
4.23
4.16
4.21
4.11
4.18
4.15
4.34
4.17
4.17
4.37
4.39
4.47
4.57
4.67
4.61
4.64
4.27
4.23
4.05
4.2
4.05
3.99
4.15
4.1
4.11
4.19
4.19
4.12
4.07
4.17
4.38
4.11
4.18
4.37
4.39
4.47
4.55
4.64
4.63
4.6
4.22
4.16
4.02
4.26
4.05
3.91
4.09
4.02
4.02
4.09
4.01
4.0
3.86
4.0
4.19
4.03
4.04
4.14
4.17
4.24
4.33
4.38
4.39
4.37
4.11
4.05
3.84
4.06
3.94
3.79
4.02
3.91
3.91
4.02
3.94
3.98
3.81
3.96
4.17
4.06
4.05
4.08
4.15
4.12
4.17
4.31
4.34
4.3
3.99
4.01
3.82
4.02
3.87
3.68
3.91
3.89
3.9
3.99
3.89
3.89
3.76
3.91
4.1
4.03
4.0
4.03
4.13
4.06
4.1
4.25
4.3
4.31
3.99
4.01
3.72
3.96
3.84
3.66
3.89
3.92
3.9
3.99
3.94
3.9
3.74
3.97
4.1
4.12
3.99
4.09
4.18
4.06
4.05
4.23
4.28
4.31
4.08
4.06
3.82
4.05
3.79
3.63
3.96
4.01
3.95
4.09
3.93
4.0
3.81
4.01
4.12
4.12
3.97
4.11
4.25
4.09
4.0
4.17
4.22
4.3
4.08
4.08
3.8
4.12
3.81
3.69
3.88
4.03
4.0
4.18
3.94
3.97
3.82
3.98
4.14
4.11
3.86
3.97
4.09
4.02
3.88
4.05
4.07
4.18
4.08
4.08
3.87
4.05
3.74
3.69
3.93
4.1
4.04
4.13
4.0
3.99
3.85
4.02
4.2
4.16
3.89
4.0
4.09
3.98
3.82
4.0
4.1
4.19
4.13
4.09
3.88
4.0
3.73
3.72
3.91
4.09
4.05
4.11
4.01
3.95
3.8
4.0
4.2
4.09
3.85
3.93
4.07
3.94
3.73
3.92
4.02
4.07
4.0
3.93
3.75
3.93
3.68
3.68
3.68
3.95
3.91
4.06
4.01
3.98
3.71
3.91
4.09
4.07
3.9
3.97
4.03
3.91
3.67
3.74
3.93
3.94
3.94
3.91
3.64
3.76
3.53
3.5
3.56
3.79
3.8
4.05
3.97
3.91
3.81
3.91
4.05
4.02
3.82
3.88
3.85
3.61
3.46
3.63
3.76
3.67
3.7
3.68
3.46
3.51
3.33
3.33
3.38
3.7
3.66
3.92
3.85
3.76
3.71
3.8
3.9
3.95
3.8
3.87
3.86
3.63
3.49
3.68
3.76
3.64
3.73
3.63
3.41
3.44
3.31
3.31
3.33
3.62
3.56
3.82
3.81
3.81
3.71
3.84
3.9
4.01
3.89
3.87
3.84
3.61
3.52
3.76
3.85
3.72
3.78
3.64
3.43
3.52
3.43
3.31
3.43
3.67
3.61
3.87
3.88
3.92
3.81
3.8
3.87
4.02
3.91
3.8
3.82
3.63
3.5
3.7
3.73
3.58
3.76
3.64
3.36
3.39
3.35
3.29
3.39
3.65
3.56
3.91
3.94
3.97
3.85
3.82
3.94
4.09
3.87
3.73
3.7
3.52
3.39
3.58
3.64
3.49
3.67
3.55
3.36
3.32
3.26
3.23
3.36
3.63
3.52
3.79
3.9
3.92
3.86
3.76
3.9
4.08
3.85
3.76
3.74
3.5
3.4
3.63
3.57
3.44
3.57
3.48
3.29
3.18
3.16
3.18
3.35
3.65
3.66
3.89
4.08
4.04
4.03
3.88
4.06
4.13
3.99
3.94
3.92
3.68
3.55
3.76
3.71
3.6
3.64
3.56
3.4
3.33
3.26
3.2
3.39
3.72
3.7
3.86
4.11
3.94
4.0
3.78
3.84
3.88
3.8
3.84
3.83
3.7
3.57
3.77
3.73
3.6
3.74
3.64
3.36
3.29
3.33
3.32
3.44
3.7
3.73
3.9
4.2
4.04
4.11
3.8
3.91
3.94
3.82
3.87
3.87
3.73
3.54
3.77
3.65
3.49
3.6
3.53
3.33
3.17
3.21
3.29
3.44
3.65
3.64
3.85
4.2
4.04
4.08
3.84
3.94
3.81
3.79
3.85
3.85
3.73
3.54
3.67
3.56
3.35
3.48
3.43
3.17
3.06
3.2
3.27
3.36
3.51
3.5
3.7
4.12
3.87
3.96
3.78
3.87
3.83
3.84
3.81
3.81
3.68
3.57
3.59
3.47
3.25
3.45
3.4
3.21
2.98
3.11
3.19
3.38
3.46
3.48
3.59
4.09
3.83
3.89
3.72
3.68
3.72
3.85
3.71
3.72
3.55
3.44
3.52
3.32
3.04
3.19
3.19
3.0
2.85
3.04
3.13
3.26
3.37
3.36
3.64
4.06
3.87
3.97
3.81
3.7
3.76
3.9
3.79
3.77
3.62
3.56
3.56
3.38
3.11
3.23
3.25
3.07
2.93
3.06
3.13
3.33
3.41
3.38
3.76
4.12
3.98
4.04
3.86
3.84
3.82
3.97
3.82
3.78
3.74
3.67
3.6
3.44
3.16
3.28
3.27
3.13
2.95
3.08
3.12
3.39
3.41
3.45
3.74
4.1
3.94
4.09
3.86
3.86
3.84
3.9
3.75
3.75
3.67
3.67
3.65
3.39
3.06
3.16
3.22
3.1
2.93
3.1
3.23
3.39
3.46
3.45
3.72
4.12
3.96
4.02
3.84
3.79
3.77
3.82
3.61
3.65
3.67
3.63
3.52
3.39
3.15
3.18
3.22
3.13
2.95
3.19
3.3
3.39
3.36
3.43
3.68
4.12
3.94
3.95
3.86
3.82
3.77
3.77
3.53
3.57
3.6
3.51
3.4
3.29
3.1
3.11
3.22
3.13
2.97
3.23
3.33
3.39
3.27
3.44
3.66
4.17
3.92
4.02
3.84
3.8
3.7
3.73
3.6
3.65
3.63
3.52
3.42
3.36
3.21
3.15
3.28
3.15
2.95
3.22
3.28
3.33
3.22
3.43
3.72
4.12
3.9
4.06
3.91
3.85
3.69
3.74
3.58
3.66
3.64
3.48
3.4
3.34
3.21
3.17
3.23
3.23
3.02
3.3
3.33
3.43
3.31
3.5
3.72
4.1
3.86
4.08
3.89
3.82
3.69
3.77
3.67
3.78
3.68
3.59
3.5
3.49
3.37
3.42
3.48
3.49
3.26
3.52
3.56
3.6
3.47
3.64
3.83
4.2
3.96
4.15
4.0
3.88
3.81
3.83
3.69
3.75
3.67
3.65
3.56
3.56
3.44
3.53
3.53
3.46
3.22
3.47
3.56
3.59
3.4
3.54
3.73
4.12
3.89
4.05
3.91
3.84
3.78
3.69
3.55
3.61
3.64
3.53
3.56
3.46
3.35
3.46
3.46
3.35
3.14
3.36
3.56
3.56
3.4
3.52
3.81
4.07
3.94
4.06
3.92
3.97
3.83
3.74
3.57
3.59
3.57
3.49
3.53
3.37
3.33
3.4
3.35
3.35
3.12
3.19
3.44
3.43
3.4
3.43
3.76
3.97
3.9
3.95
3.94
3.99
3.81
3.77
3.63
3.6
3.57
3.43
3.48
3.35
3.28
3.38
3.33
3.33
3.12
3.12
3.35
3.29
3.24
3.33
3.61
3.83
3.84
3.88
3.78
3.89
3.78
3.77
3.56
3.49
3.5
3.43
3.53
3.37
3.28
3.29
3.3
3.3
3.04
3.06
3.31
3.22
3.08
3.2
3.53
3.82
3.88
3.83
3.74
3.83
3.75
3.71
3.51
3.43
3.48
3.37
3.53
3.37
3.26
3.15
3.23
3.16
2.92
3.04
3.31
3.27
3.03
3.06
3.42
3.7
3.87
3.89
3.77
3.93
3.82
3.71
3.58
3.5
3.46
3.36
3.43
3.37
3.22
3.22
3.23
3.19
2.96
3.07
3.27
3.3
3.11
3.1
3.43
3.59
3.73
3.7
3.55
3.75
3.71
3.61
3.46
3.46
3.38
3.27
3.47
3.35
3.19
3.18
3.23
3.16
2.94
3.07
3.29
3.28
3.16
3.2
3.42
3.52
3.7
3.71
3.57
3.7
3.72
3.61
3.53
3.5
3.26
3.19
3.47
3.38
3.31
3.27
3.34
3.2
3.01
3.12
3.33
3.37
3.2
3.25
3.51
3.59
3.75
3.73
3.61
3.7
3.7
3.59
3.55
3.45
3.19
3.16
3.47
3.37
3.33
3.32
3.32
3.2
3.0
3.09
3.29
3.42
3.19
3.27
3.55
3.6
3.82
3.79
3.66
3.82
3.76
3.73
3.7
3.53
3.33
3.33
3.61
3.44
3.41
3.32
3.34
3.16
3.04
3.16
3.4
3.51
3.26
3.34
3.66
3.69
3.95
3.83
3.68
3.8
3.74
3.75
3.8
3.48
3.29
3.3
3.6
3.39
3.36
3.26
3.24
3.07
2.93
3.05
3.31
3.48
3.24
3.31
3.61
3.57
3.84
3.63
3.59
3.77
3.71
3.75
3.76
3.44
3.28
3.24
3.56
3.33
3.2
3.19
3.18
3.06
2.9
2.94
3.26
3.39
3.17
3.23
3.39
3.44
3.73
3.5
3.4
3.63
3.68
3.67
3.66
3.31
3.16
3.21
3.52
3.3
3.23
3.08
3.12
3.0
2.87
2.85
3.24
3.35
3.08
3.2
3.34
3.42
3.79
3.51
3.46
3.6
3.71
3.61
3.57
3.2
3.18
3.17
3.51
3.26
3.22
2.97
2.91
2.76
2.7
2.69
3.06
3.21
3.01
3.12
3.3
3.35
3.7
3.44
3.33
3.49
3.56
3.5
3.46
3.18
3.13
3.06
3.41
3.13
3.13
2.94
2.94
2.81
2.77
2.69
3.1
3.21
3.08
3.14
3.28
3.27
3.63
3.35
3.23
3.33
3.42
3.39
3.36
3.11
2.93
3.04
3.29
3.11
3.13
2.92
2.86
2.75
2.7
2.66
3.08
3.16
3.06
3.19
3.32
3.34
3.67
3.42
3.3
3.35
3.56
3.45
3.48
3.27
3.06
3.19
3.33
3.15
3.12
2.96
2.9
2.73
2.77
2.76
3.15
3.23
3.06
3.3
3.43
3.46
3.75
3.51
3.33
3.35
3.59
3.45
3.43
3.21
3.04
3.21
3.31
3.15
3.16
2.98
2.92
2.75
2.8
2.88
3.21
3.34
3.17
3.36
3.53
3.52
3.74
3.56
3.42
3.44
3.67
3.47
3.43
3.23
2.97
3.05
3.16
3.03
3.13
2.99
2.85
2.68
2.77
2.81
3.11
3.32
3.25
3.41
3.56
3.52
3.7
3.56
3.39
3.46
3.63
3.45
3.43
3.21
2.93
3.06
3.1
3.03
3.12
3.06
2.88
2.75
2.84
2.83
3.09
3.26
3.2
3.48
3.63
3.57
3.7
3.51
3.42
3.53
3.64
3.43
3.34
3.14
3.01
3.17
3.22
3.03
3.23
3.06
2.9
2.75
2.89
2.8
3.1
3.28
3.12
3.48
3.6
3.68
3.82
3.65
3.53
3.59
3.64
3.46
3.36
3.14
2.97
3.14
3.11
2.89
3.18
2.96
2.74
2.64
2.76
2.73
3.01
3.16
2.98
3.26
3.48
3.59
3.63
3.46
3.34
3.37
3.45
3.35
3.24
2.97
2.87
2.97
2.91
2.7
2.97
2.83
2.58
2.53
2.62
2.69
2.96
3.05
2.96
3.2
3.39
3.46
3.47
3.35
3.17
3.24
3.39
3.32
3.19
2.97
2.9
2.91
2.88
2.64
2.93
2.8
2.55
2.46
2.6
2.69
2.94
3.03
2.88
3.13
3.28
3.36
3.36
3.29
3.13
3.13
3.33
3.16
2.95
2.84
2.73
2.7
2.77
2.5
2.79
2.71
2.52
2.49
2.63
2.65
2.8
2.91
2.85
3.13
3.19
3.18
3.17
3.19
3.06
3.11
3.34
3.08
2.78
2.77
2.63
2.59
2.7
2.45
2.72
2.67
2.53
2.46
2.63
2.63
2.81
2.88
2.85
3.08
3.22
3.24
3.2
3.29
3.01
3.09
3.34
3.01
2.69
2.66
2.56
2.59
2.56
2.34
2.67
2.7
2.51
2.43
2.6
2.7
2.85
2.96
2.9
3.1
3.24
3.33
3.27
3.3
3.06
3.15
3.32
2.96
2.71
2.7
2.56
2.52
2.5
2.27
2.56
2.68
2.48
2.32
2.53
2.61
2.76
2.85
2.81
3.06
3.22
3.17
3.13
3.19
2.96
3.11
3.21
2.96
2.65
2.63
2.45
2.43
2.37
2.12
2.48
2.59
2.45
2.32
2.51
2.59
2.69
2.85
2.71
2.96
3.13
3.12
3.09
3.14
2.95
3.1
3.15
2.86
2.55
2.51
2.29
2.3
2.21
2.05
2.36
2.37
2.24
2.18
2.36
2.45
2.54
2.73
2.53
2.76
3.04
3.08
3.04
3.09
2.92
3.1
3.14
2.84
2.5
2.37
2.26
2.14
2.13
1.97
2.24
2.26
2.22
2.2
2.39
2.43
2.47
2.68
2.41
2.65
2.9
3.01
2.92
2.93
2.8
2.91
2.92
2.7
2.31
2.11
2.12
1.97
2.06
1.88
2.15
2.14
2.11
2.11
2.29
2.37
2.4
2.66
2.34
2.53
2.74
2.88
2.73
2.8
2.72
2.78
2.77
2.62
2.25
2.11
2.13
2.02
2.01
1.88
2.08
2.12
2.09
2.09
2.3
2.31
2.34
2.63
2.33
2.54
2.69
2.82
2.69
2.71
2.58
2.62
2.65
2.62
2.29
2.18
2.18
2.11
2.1
1.93
2.1
2.12
2.14
2.18
2.34
2.38
2.44
2.65
2.3
2.47
2.71
2.8
2.63
2.62
2.51
2.58
2.54
2.5
2.18
2.09
2.15
2.09
2.15
1.9
2.05
2.05
2.07
2.08
2.29
2.34
2.36
2.6
2.27
2.44
2.65
2.77
2.6
2.57
2.44
2.41
2.46
2.44
2.17
2.04
2.04
1.9
2.01
1.86
1.96
1.99
2.03
2.06
2.22
2.32
2.37
2.56
2.22
2.4
2.64
2.75
2.58
2.53
2.4
2.39
2.43
2.42
2.2
2.02
2.07
1.88
2.01
1.95
1.96
1.99
2.08
2.11
2.26
2.35
2.4
2.68
2.25
2.41
2.73
2.9
2.73
2.7
2.51
2.5
2.47
2.4
2.18
2.04
2.07
1.91
2.02
1.95
1.94
1.94
2.06
2.11
2.29
2.3
2.36
2.68
2.23
2.42
2.78
2.92
2.79
2.76
2.64
2.59
2.47
2.3
2.19
2.02
2.02
1.9
1.99
1.98
1.91
1.89
1.99
2.11
2.24
2.23
2.26
2.61
2.23
2.4
2.76
2.94
2.82
2.77
2.63
2.59
2.43
2.32
2.32
2.11
2.13
1.97
1.92
1.93
1.84
1.85
1.88
2.01
2.08
2.13
2.22
2.52
2.12
2.29
2.73
2.93
2.77
2.73
2.56
2.47
2.31
2.23
2.25
2.07
2.13
1.94
1.92
1.82
1.8
1.78
1.86
2.03
2.06
2.13
2.19
2.47
2.05
2.22
2.63
2.76
2.62
2.57
2.49
2.26
2.11
2.14
2.16
2.0
2.09
1.78
2.01
1.86
1.71
1.6
1.76
1.94
2.02
2.04
2.12
2.38
1.98
2.12
2.58
2.71
2.59
2.54
2.46
2.23
2.1
2.18
2.21
1.96
2.09
1.81
2.03
1.91
1.78
1.6
1.74
1.89
2.01
2.03
2.12
2.4
1.98
2.1
2.55
2.74
2.59
2.52
2.47
2.3
2.13
2.16
2.25
1.94
2.11
1.8
2.13
1.95
1.73
1.65
1.76
1.96
2.1
2.19
2.26
2.47
2.07
2.19
2.65
2.8
2.69
2.59
2.52
2.3
2.16
2.21
2.32
2.01
2.19
1.85
2.22
1.94
1.78
1.77
1.91
2.0
2.13
2.25
2.31
2.59
2.14
2.37
2.73
2.83
2.74
2.64
2.54
2.33
2.19
2.33
2.46
2.13
2.3
2.03
2.33
2.0
1.9
1.91
1.95
2.0
2.11
2.25
2.26
2.57
2.16
2.4
2.75
2.78
2.76
2.69
2.59
2.37
2.17
2.37
2.48
2.25
2.3
2.08
2.33
2.05
1.88
1.96
2.02
2.02
2.06
2.2
2.19
2.47
2.05
2.33
2.7
2.76
2.81
2.68
2.53
2.32
2.16
2.28
2.39
2.15
2.18
1.92
2.26
1.96
1.83
1.86
1.88
1.94
1.99
2.16
2.15
2.38
1.95
2.28
2.65
2.73
2.74
2.66
2.51
2.39
2.19
2.18
2.23
2.01
2.11
1.89
2.26
1.98
1.88
1.88
1.8
1.88
1.92
2.13
2.08
2.36
1.95
2.33
2.56
2.71
2.73
2.63
2.51
2.31
2.18
2.18
2.21
1.99
2.07
1.87
2.2
2.0
1.88
1.91
1.83
1.86
1.95
2.21
2.16
2.38
2.06
2.4
2.67
2.79
2.85
2.75
2.61
2.32
2.18
2.15
2.18
1.98
2.02
1.82
2.17
2.03
1.86
1.91
1.81
1.75
1.83
2.14
2.04
2.31
1.99
2.33
2.63
2.67
2.74
2.66
2.52
2.19
2.1
2.06
2.11
1.99
2.02
1.87
2.17
1.97
1.84
1.91
1.81
1.77
1.85
2.09
1.95
2.2
1.99
2.33
2.53
2.54
2.65
2.57
2.51
2.14
2.13
2.04
1.97
1.89
1.98
1.85
2.18
1.99
1.86
1.89
1.78
1.75
1.82
2.07
1.88
2.13
1.92
2.26
2.49
2.48
2.65
2.53
2.49
2.14
2.14
2.13
2.04
1.99
2.08
1.92
2.22
2.08
1.96
1.96
1.88
1.77
1.89
2.14
1.95
2.2
1.97
2.31
2.56
2.53
2.67
2.48
2.46
2.16
2.19
2.18
2.09
1.98
2.15
2.03
2.36
2.31
2.21
2.1
1.99
1.86
2.04
2.23
2.16
2.45
2.2
2.45
2.77
2.7
2.84
2.69
2.62
2.35
2.34
2.3
2.23
2.07
2.24
2.15
2.51
2.52
2.37
2.16
2.01
1.89
2.16
2.3
2.17
2.52
2.36
2.56
2.86
2.84
3.02
2.83
2.72
2.48
2.54
2.44
2.41
2.21
2.33
2.31
2.48
2.52
2.44
2.26
2.08
1.93
2.2
2.3
2.21
2.59
2.41
2.54
2.94
2.91
3.08
2.88
2.8
2.52
2.59
2.45
2.34
2.3
2.33
2.29
2.48
2.49
2.34
2.19
2.01
2.0
2.26
2.33
2.2
2.59
2.41
2.47
2.88
2.88
3.01
2.86
2.75
2.45
2.51
2.45
2.32
2.33
2.36
2.33
2.43
2.52
2.32
2.12
1.99
1.89
2.15
2.12
2.06
2.45
2.31
2.38
2.73
2.75
2.89
2.74
2.63
2.35
2.43
2.42
2.27
2.28
2.33
2.33
2.38
2.59
2.37
2.19
2.01
1.93
2.12
2.16
2.06
2.43
2.34
2.4
2.8
2.78
2.86
2.73
2.73
2.42
2.47
2.35
2.23
2.3
2.24
2.2
2.29
2.48
2.29
2.09
1.97
1.93
2.16
2.12
2.11
2.45
2.34
2.45
2.79
2.76
2.77
2.74
2.68
2.43
2.53
2.38
2.18
2.2
2.22
2.13
2.31
2.44
2.3
1.98
1.86
1.86
2.17
2.16
2.13
2.5
2.32
2.38
2.77
2.71
2.67
2.72
2.7
2.5
2.56
2.47
2.25
2.25
2.24
2.15
2.35
2.53
2.37
2.12
1.95
1.91
2.13
2.13
2.06
2.45
2.37
2.38
2.78
2.65
2.65
2.69
2.7
2.45
2.5
2.42
2.25
2.23
2.22
2.15
2.32
2.49
2.27
2.09
1.97
1.88
2.09
2.09
2.04
2.39
2.27
2.34
2.75
2.58
2.6
2.7
2.61
2.48
2.48
2.38
2.2
2.25
2.2
2.15
2.31
2.45
2.25
2.11
1.99
1.93
2.07
2.06
2.06
2.37
2.25
2.32
2.77
2.58
2.55
2.62
2.49
2.52
2.54
2.42
2.29
2.29
2.28
2.29
2.4
2.49
2.31
2.18
2.06
2.01
2.17
2.08
2.08
2.41
2.36
2.36
2.81
2.64
2.59
2.66
2.55
2.67
2.67
2.46
2.26
2.26
2.24
2.15
2.29
2.44
2.26
2.15
1.98
1.94
2.07
2.03
2.07
2.36
2.28
2.38
2.73
2.6
2.51
2.57
2.4
2.6
2.55
2.41
2.28
2.28
2.19
2.15
2.32
2.46
2.28
2.19
1.98
1.91
2.0
2.06
2.09
2.29
2.21
2.36
2.63
2.58
2.42
2.52
2.33
2.58
2.51
2.33
2.21
2.19
2.11
2.1
2.3
2.37
2.26
2.17
1.98
1.89
1.98
2.01
2.02
2.24
2.19
2.4
2.59
2.53
2.33
2.47
2.26
2.53
2.46
2.31
2.14
2.21
2.06
2.08
2.32
2.32
2.24
2.2
2.03
1.94
1.92
1.99
1.86
2.12
2.1
2.38
2.51
2.51
2.35
2.45
2.26
2.6
2.51
2.33
2.21
2.28
2.12
2.08
2.32
2.34
2.21
2.22
2.12
1.96
1.86
1.9
1.83
2.1
2.05
2.42
2.53
2.56
2.29
2.38
2.26
2.58
2.39
2.29
2.12
2.23
2.08
2.08
2.24
2.25
2.21
2.24
2.1
1.98
1.9
1.97
1.88
2.17
2.12
2.54
2.58
2.49
2.21
2.34
2.21
2.54
2.3
2.24
2.1
2.07
2.15
2.18
2.17
2.18
2.19
2.26
2.14
1.94
1.76
1.92
1.85
2.17
2.12
2.56
2.59
2.53
2.26
2.37
2.23
2.54
2.34
2.24
2.15
2.16
2.17
2.18
2.23
2.23
2.26
2.31
2.17
2.06
1.86
1.99
1.97
2.26
2.22
2.68
2.68
2.63
2.35
2.45
2.3
2.56
2.34
2.19
2.15
2.11
2.13
2.18
2.21
2.22
2.22
2.19
2.1
2.01
1.88
2.01
1.92
2.21
2.17
2.54
2.46
2.55
2.3
2.44
2.19
2.47
2.31
2.19
2.15
2.07
2.22
2.31
2.26
2.29
2.24
2.25
2.19
2.06
1.91
2.09
2.01
2.26
2.19
2.52
2.46
2.6
2.4
2.48
2.24
2.56
2.32
2.15
2.18
2.07
2.14
2.31
2.23
2.26
2.28
2.29
2.24
2.1
1.92
2.02
1.97
2.17
2.26
2.55
2.48
2.6
2.45
2.51
2.21
2.53
2.33
2.15
2.15
2.07
2.13
2.31
2.23
2.19
2.24
2.22
2.26
2.08
1.94
2.02
2.04
2.21
2.24
2.55
2.51
2.72
2.52
2.54
2.33
2.6
2.43
2.26
2.31
2.19
2.24
2.34
2.26
2.21
2.28
2.24
2.28
2.22
2.05
2.16
2.17
2.26
2.26
2.56
2.53
2.77
2.61
2.55
2.42
2.6
2.54
2.33
2.36
2.24
2.26
2.34
2.32
2.29
2.4
2.29
2.35
2.31
2.19
2.16
2.17
2.35
2.31
2.63
2.5
2.75
2.52
2.56
2.47
2.61
2.51
2.36
2.37
2.29
2.21
2.27
2.27
2.27
2.42
2.34
2.38
2.32
2.25
2.23
2.24
2.37
2.31
2.7
2.5
2.75
2.49
2.54
2.47
2.59
2.55
2.36
2.34
2.22
2.17
2.3
2.29
2.29
2.42
2.34
2.36
2.3
2.31
2.3
2.29
2.44
2.33
2.63
2.54
2.8
2.54
2.6
2.53
2.58
2.58
2.39
2.39
2.29
2.23
2.34
2.31
2.29
2.44
2.32
2.37
2.38
2.38
2.3
2.36
2.6
2.44
2.74
2.66
2.87
2.63
2.72
2.6
2.56
2.65
2.46
2.37
2.33
2.21
2.34
2.32
2.29
2.44
2.35
2.35
2.38
2.35
2.32
2.42
2.62
2.49
2.7
2.65
2.77
2.54
2.79
2.72
2.6
2.72
2.48
2.37
2.3
2.2
2.3
2.25
2.22
2.3
2.27
2.26
2.37
2.45
2.41
2.53
2.67
2.52
2.67
2.59
2.66
2.44
2.69
2.67
2.49
2.71
2.53
2.34
2.3
2.22
2.37
2.25
2.24
2.32
2.27
2.24
2.41
2.49
2.58
2.67
2.69
2.49
2.58
2.5
2.59
2.43
2.65
2.59
2.42
2.64
2.43
2.27
2.26
2.12
2.25
2.21
2.22
2.21
2.16
2.3
2.41
2.42
2.51
2.6
2.57
2.38
2.44
2.39
2.54
2.36
2.57
2.54
2.33
2.64
2.41
2.31
2.28
1.96
2.18
2.3
2.26
2.3
2.25
2.35
2.48
2.54
2.6
2.7
2.62
2.42
2.54
2.51
2.54
2.41
2.61
2.54
2.4
2.71
2.48
2.31
2.33
2.07
2.27
2.33
2.26
2.36
2.34
2.4
2.5
2.6
2.67
2.7
2.6
2.4
2.47
2.49
2.52
2.32
2.55
2.44
2.4
2.73
2.55
2.36
2.42
2.14
2.28
2.37
2.26
2.41
2.37
2.4
2.55
2.64
2.74
2.7
2.62
2.45
2.56
2.57
2.61
2.41
2.62
2.58
2.49
2.72
2.57
2.31
2.33
2.07
2.23
2.37
2.28
2.46
2.41
2.4
2.57
2.56
2.73
2.6
2.6
2.4
2.59
2.58
2.66
2.48
2.6
2.56
2.49
2.78
2.64
2.4
2.51
2.21
2.28
2.35
2.26
2.41
2.41
2.34
2.61
2.55
2.77
2.71
2.78
2.54
2.67
2.65
2.82
2.59
2.69
2.69
2.59
2.9
2.69
2.49
2.56
2.25
2.34
2.35
2.26
2.41
2.45
2.34
2.61
2.55
2.89
2.78
2.83
2.59
2.7
2.74
2.83
2.64
2.75
2.64
2.59
2.86
2.67
2.45
2.6
2.28
2.41
2.45
2.36
2.51
2.48
2.37
2.59
2.57
2.87
2.76
2.84
2.63
2.74
2.82
2.9
2.66
2.85
2.75
2.7
2.93
2.7
2.56
2.67
2.37
2.36
2.42
2.28
2.44
2.41
2.35
2.51
2.48
2.85
2.72
2.82
2.56
2.57
2.8
2.87
2.73
2.81
2.67
2.66
2.91
2.65
2.53
2.61
2.39
2.4
2.41
2.27
2.43
2.33
2.34
2.55
2.48
2.79
2.74
2.75
2.48
2.52
2.67
2.87
2.79
2.85
2.67
2.62
2.86
2.62
2.57
2.69
2.42
2.45
2.53
2.31
2.47
2.37
2.36
2.61
2.55
2.8
2.78
2.74
2.5
2.55
2.65
2.84
2.8
2.8
2.6
2.62
2.83
2.58
2.56
2.63
2.33
2.41
2.52
2.27
2.43
2.32
2.29
2.49
2.52
2.8
2.75
2.72
2.5
2.52
2.58
2.74
2.8
2.72
2.53
2.66
2.77
2.55
2.53
2.51
2.26
2.36
2.42
2.21
2.31
2.21
2.19
2.44
2.5
2.72
2.67
2.64
2.44
2.42
2.56
2.79
2.91
2.69
2.5
2.68
2.72
2.57
2.6
2.53
2.26
2.32
2.45
2.21
2.31
2.19
2.21
2.43
2.42
2.56
2.57
2.52
2.35
2.37
2.58
2.82
2.87
2.57
2.43
2.64
2.62
2.49
2.52
2.46
2.19
2.2
2.31
2.09
2.23
2.14
2.14
2.4
2.35
2.39
2.48
2.43
2.3
2.3
2.55
2.8
2.87
2.61
2.44
2.79
2.72
2.56
2.55
2.44
2.21
2.26
2.39
2.16
2.3
2.18
2.05
2.33
2.28
2.36
2.43
2.38
2.27
2.3
2.49
2.74
2.84
2.57
2.44
2.85
2.77
2.6
2.57
2.51
2.3
2.3
2.42
2.2
2.32
2.13
2.09
2.33
2.27
2.27
2.44
2.35
2.24
2.23
2.38
2.71
2.77
2.54
2.46
2.85
2.75
2.55
2.5
2.39
2.13
2.2
2.35
2.15
2.25
2.08
2.08
2.26
2.17
2.17
2.39
2.42
2.21
2.27
2.35
2.69
2.81
2.47
2.44
2.84
2.78
2.52
2.47
2.34
2.15
2.19
2.33
2.1
2.18
2.03
2.08
2.23
2.11
2.06
2.45
2.39
2.21
2.24
2.35
2.61
2.74
2.39
2.33
2.77
2.72
2.49
2.53
2.47
2.19
2.17
2.35
2.09
2.14
2.0
2.0
2.14
2.07
1.99
2.43
2.34
2.29
2.14
2.32
2.55
2.63
2.36
2.3
2.69
2.64
2.44
2.49
2.35
2.12
2.14
2.3
2.09
2.17
2.02
2.07
2.12
2.06
1.98
2.31
2.17
2.13
2.09
2.25
2.34
2.49
2.22
2.15
2.53
2.46
2.27
2.37
2.3
2.11
2.11
2.3
2.13
2.23
1.99
2.04
2.11
2.08
1.87
2.26
2.15
2.08
2.04
2.08
2.22
2.39
2.13
2.03
2.37
2.38
2.15
2.27
2.13
1.96
1.97
2.15
2.01
2.13
1.94
2.01
2.06
2.04
1.77
2.21
2.17
2.17
2.11
2.0
2.15
2.33
2.08
1.89
2.3
2.25
2.17
2.18
2.04
1.93
2.01
2.09
2.07
2.15
1.96
1.94
2.06
2.04
1.81
2.23
2.17
2.2
2.16
1.99
2.16
2.33
2.11
1.91
2.29
2.29
2.21
2.2
2.09
2.02
2.04
2.17
2.09
2.22
2.07
2.0
2.15
2.13
1.97
2.34
2.35
2.33
2.27
2.22
2.25
2.35
2.29
2.0
2.33
2.36
2.34
2.34
2.17
2.17
2.19
2.23
2.23
2.31
2.18
2.21
2.24
2.19
2.09
2.43
2.49
2.49
2.45
2.36
2.33
2.38
2.39
2.12
2.4
2.44
2.41
2.45
2.3
2.33
2.24
2.26
2.32
2.43
2.31
2.32
2.38
2.29
2.15
2.46
2.47
2.49
2.41
2.43
2.38
2.33
2.39
2.16
2.43
2.5
2.48
2.52
2.37
2.37
2.26
2.26
2.32
2.49
2.36
2.41
2.42
2.29
2.13
2.48
2.44
2.49
2.43
2.36
2.38
2.26
2.41
2.14
2.43
2.43
2.46
2.45
2.32
2.39
2.26
2.25
2.3
2.49
2.36
2.37
2.33
2.27
2.17
2.46
2.49
2.54
2.53
2.32
2.35
2.29
2.48
2.18
2.43
2.49
2.5
2.52
2.41
2.43
2.35
2.37
2.35
2.54
2.44
2.41
2.31
2.31
2.26
2.48
2.56
2.58
2.65
2.39
2.42
2.33
2.47
2.22
2.4
2.55
2.54
2.64
2.6
2.56
2.43
2.44
2.39
2.67
2.61
2.57
2.44
2.39
2.33
2.57
2.68
2.67
2.76
2.52
2.56
2.48
2.62
2.35
2.53
2.63
2.64
2.75
2.67
2.67
2.45
2.49
2.44
2.66
2.63
2.52
2.43
2.4
2.44
2.62
2.74
2.76
2.82
2.63
2.7
2.7
2.74
2.44
2.58
2.69
2.78
2.81
2.72
2.76
2.57
2.58
2.64
2.82
2.72
2.59
2.56
2.52
2.58
2.71
2.75
2.83
2.88
2.77
2.81
2.79
2.97
2.68
2.74
2.75
2.89
2.9
2.81
2.87
2.77
2.71
2.8
2.95
2.9
2.72
2.62
2.59
2.71
2.71
2.77
2.85
2.88
2.77
2.79
2.85
3.01
2.74
2.81
2.88
2.97
2.91
2.9
2.95
2.82
2.76
2.8
2.98
2.95
2.79
2.68
2.69
2.84
2.84
2.88
2.9
2.97
2.84
2.89
2.98
3.16
2.9
2.93
3.0
3.09
2.97
2.97
3.0
2.86
2.89
2.93
3.01
3.0
2.79
2.7
2.74
2.91
2.96
2.96
2.94
3.0
2.9
3.03
3.16
3.25
2.97
3.04
3.11
3.25
3.08
3.06
3.11
2.96
2.99
3.02
3.06
3.11
2.88
2.79
2.86
3.06
3.09
3.07
3.08
3.13
3.15
3.19
3.21
3.35
3.08
3.19
3.23
3.37
3.17
3.15
3.22
3.03
3.1
3.09
3.06
3.13
2.88
2.81
2.94
3.09
3.13
3.09
3.05
3.1
3.25
3.21
3.24
3.3
3.13
3.21
3.24
3.37
3.2
3.18
3.21
2.98
3.03
2.94
2.96
3.09
2.82
2.77
2.9
2.99
3.11
3.01
3.02
3.1
3.24
3.21
3.27
3.31
3.24
3.29
3.25
3.41
3.31
3.27
3.23
3.0
3.03
2.96
2.96
3.03
2.75
2.61
2.75
2.85
2.91
2.9
2.89
2.99
3.13
3.13
3.2
3.15
3.18
3.31
3.21
3.32
3.22
3.15
3.12
2.89
2.98
2.85
2.91
2.98
2.62
2.54
2.68
2.72
2.77
2.72
2.68
2.85
2.99
3.0
3.18
3.04
3.08
3.23
3.14
3.36
3.18
3.0
3.03
2.84
2.92
2.81
2.8
2.85
2.53
2.41
2.57
2.63
2.72
2.7
2.67
2.76
2.94
3.0
3.18
3.04
3.08
3.21
3.07
3.27
3.16
3.07
3.12
2.93
3.07
2.94
2.88
2.94
2.53
2.5
2.67
2.76
2.77
2.79
2.7
2.78
3.04
2.95
3.27
3.01
3.04
3.19
3.15
3.21
3.18
3.09
3.1
2.98
3.09
3.04
2.95
3.03
2.65
2.66
2.78
2.84
2.81
2.81
2.74
2.71
3.03
2.95
3.31
3.08
3.0
3.16
3.06
3.16
3.23
3.09
3.17
3.0
3.13
3.1
3.04
3.12
2.7
2.75
2.84
2.89
2.9
2.88
2.83
2.82
3.15
3.0
3.36
3.08
2.96
3.16
3.07
3.14
3.19
3.01
3.17
3.02
3.06
3.06
2.96
3.05
2.62
2.7
2.84
2.87
2.93
2.87
2.84
2.82
3.11
2.93
3.29
3.13
2.96
3.09
3.02
3.11
3.12
2.94
3.09
2.98
3.04
3.01
2.96
3.02
2.56
2.65
2.81
2.78
2.81
2.76
2.73
2.82
3.01
2.81
3.11
2.99
2.83
2.95
2.91
2.95
3.06
2.89
3.01
2.9
2.95
2.83
2.74
2.84
2.42
2.52
2.7
2.65
2.68
2.69
2.66
2.69
2.91
2.7
2.97
2.86
2.7
2.83
2.91
2.9
3.03
2.88
3.0
2.79
2.91
2.84
2.76
2.85
2.44
2.56
2.76
2.63
2.77
2.74
2.71
2.76
2.96
2.79
3.06
2.95
2.76
2.86
2.98
2.9
3.07
2.77
2.95
2.81
2.9
2.94
2.81
2.84
2.47
2.65
2.82
2.58
2.73
2.72
2.74
2.84
3.03
2.79
3.09
2.91
2.67
2.81
3.03
2.87
3.1
2.84
3.03
2.83
2.88
2.89
2.82
2.84
2.53
2.69
2.84
2.54
2.68
2.7
2.74
2.88
3.09
2.81
3.0
2.87
2.65
2.81
3.01
2.87
3.1
2.77
2.96
2.83
2.88
2.83
2.73
2.75
2.49
2.65
2.72
2.46
2.53
2.55
2.61
2.78
2.92
2.65
2.91
2.73
2.6
2.73
2.93
2.84
3.06
2.75
2.87
2.85
2.87
2.83
2.74
2.82
2.56
2.67
2.73
2.48
2.54
2.62
2.7
2.75
2.86
2.63
2.95
2.77
2.6
2.7
2.96
2.87
3.15
2.78
2.93
2.96
2.99
2.96
2.9
2.93
2.74
2.78
2.83
2.59
2.61
2.73
2.72
2.77
2.88
2.63
2.95
2.75
2.48
2.67
3.01
2.85
3.04
2.71
2.89
2.96
3.11
3.03
2.92
3.0
2.83
2.91
3.0
2.75
2.79
2.82
2.85
2.86
3.02
2.83
3.13
2.86
2.6
2.79
3.15
2.94
3.18
2.87
3.0
3.1
3.23
3.13
3.03
3.04
2.9
2.96
3.04
2.88
2.94
3.0
3.01
2.93
3.07
2.96
3.21
3.02
2.75
2.95
3.29
3.01
3.21
3.0
3.09
3.3
3.4
3.24
3.17
3.24
3.08
3.14
3.24
3.04
3.08
3.13
3.18
3.14
3.19
3.1
3.38
3.13
2.86
3.04
3.49
3.15
3.31
3.09
3.14
3.3
3.42
3.27
3.19
3.2
3.09
3.07
3.21
3.01
3.11
3.11
3.18
3.16
3.24
3.27
3.49
3.24
3.06
3.15
3.58
3.27
3.39
3.18
3.18
3.35
3.47
3.29
3.23
3.2
3.07
3.03
3.24
3.06
3.09
3.2
3.31
3.29
3.38
3.37
3.55
3.27
3.17
3.23
3.68
3.33
3.36
3.18
3.16
3.37
3.54
3.29
3.21
3.2
3.15
3.05
3.29
3.08
3.09
3.24
3.31
3.24
3.36
3.35
3.53
3.34
3.23
3.23
3.63
3.39
3.4
3.21
3.21
3.39
3.6
3.4
3.33
3.27
3.22
3.12
3.36
3.14
3.12
3.26
3.36
3.26
3.4
3.39
3.57
3.3
3.23
3.32
3.72
3.43
3.45
3.33
3.29
3.49
3.68
3.53
3.4
3.36
3.45
3.32
3.57
3.39
3.28
3.39
3.47
3.3
3.52
3.44
3.71
3.42
3.34
3.43
3.72
3.45
3.49
3.37
3.37
3.49
3.7
3.58
3.51
3.42
3.52
3.34
3.54
3.45
3.42
3.42
3.51
3.39
3.58
3.55
3.83
3.48
3.38
3.48
3.74
3.5
3.53
3.41
3.38
3.49
3.74
3.57
3.54
3.42
3.52
3.39
3.62
3.54
3.46
3.48
3.65
3.42
3.68
3.62
3.84
3.57
3.51
3.6
3.74
3.56
3.42
3.53
3.49
3.65
3.92
3.72
3.62
3.47
3.61
3.39
3.66
3.65
3.57
3.59
3.62
3.42
3.65
3.64
3.82
3.56
3.58
3.65
3.7
3.58
3.35
3.53
3.47
3.62
3.9
3.71
3.68
3.49
3.65
3.46
3.7
3.74
3.69
3.69
3.71
3.47
3.64
3.62
3.89
3.62
3.64
3.65
3.67
3.56
3.35
3.59
3.51
3.62
3.9
3.79
3.8
3.57
3.71
3.51
3.81
3.81
3.83
3.9
3.87
3.54
3.76
3.83
4.01
3.82
3.76
3.87
3.86
3.73
3.57
3.81
3.78
3.8
4.06
4.0
3.98
3.71
3.87
3.65
3.98
4.08
4.05
4.01
4.0
3.65
3.81
3.95
3.96
3.84
3.81
3.85
3.9
3.77
3.58
3.84
3.77
3.88
4.13
4.04
3.97
3.71
3.82
3.63
3.98
4.1
4.07
3.99
4.04
3.72
3.83
3.97
4.03
3.96
3.92
3.89
3.9
3.79
3.67
3.93
3.88
3.92
4.02
3.95
3.95
3.73
3.78
3.63
3.95
4.02
4.1
3.97
4.0
3.69
3.71
3.83
3.93
3.91
3.92
3.83
3.77
3.79
3.6
3.91
3.85
3.87
3.95
3.94
3.88
3.73
3.79
3.62
3.9
3.99
4.06
3.91
4.04
3.73
3.79
3.87
3.93
3.9
3.92
3.78
3.78
3.73
3.65
3.95
3.87
3.82
3.99
3.98
3.93
3.83
3.86
3.62
4.0
4.13
4.17
3.98
4.04
3.79
3.81
3.93
3.97
3.94
4.01
3.91
3.81
3.77
3.75
3.96
3.96
3.9
4.1
4.09
4.02
3.98
3.99
3.76
4.11
4.27
4.27
4.1
4.22
3.95
3.9
3.98
3.99
4.01
4.05
3.96
3.91
3.88
3.86
4.08
4.08
4.03
4.26
4.23
4.15
4.18
4.25
3.98
4.22
4.31
4.45
4.22
4.22
4.04
4.02
4.08
4.11
4.16
4.17
4.13
4.13
4.02
4.0
4.17
4.1
4.08
4.25
4.3
4.2
4.18
4.16
3.94
4.22
4.31
4.43
4.19
4.2
4.02
4.0
4.06
4.11
4.18
4.22
4.2
4.16
3.97
4.02
4.24
4.14
4.12
4.32
4.36
4.23
4.26
4.28
4.08
4.38
4.54
4.55
4.3
4.3
4.16
4.1
4.19
4.24
4.29
4.27
4.2
4.16
3.98
4.0
4.28
4.19
4.24
4.31
4.41
4.34
4.35
4.29
4.15
4.43
4.52
4.55
4.34
4.35
4.2
4.1
4.35
4.29
4.44
4.4
4.4
4.44
4.21
4.24
4.48
4.35
4.45
4.49
4.6
4.45
4.5
4.32
4.26
4.59
4.63
4.68
4.49
4.48
4.22
4.16
4.33
4.3
4.6
4.49
4.5
4.55
4.27
4.31
4.56
4.41
4.58
4.59
4.69
4.55
4.57
4.39
4.32
4.62
4.65
4.68
4.47
4.41
4.16
4.06
4.2
4.14
4.4
4.25
4.25
4.44
4.16
4.35
4.51
4.37
4.49
4.52
4.53
4.51
4.59
4.41
4.34
4.58
4.57
4.62
4.4
4.39
4.08
3.98
4.04
4.13
4.38
4.2
4.23
4.46
4.08
4.44
4.51
4.41
4.56
4.61
4.7
4.55
4.68
4.46
4.34
4.59
4.62
4.69
4.49
4.49
4.13
4.08
4.12
4.17
4.44
4.27
4.36
4.58
4.24
4.6
4.64
4.55
4.6
4.63
4.69
4.57
4.72
4.47
4.38
4.63
4.61
4.65
4.39
4.48
4.21
4.02
4.07
4.21
4.38
4.22
4.17
4.51
4.17
4.55
4.64
4.54
4.62
4.69
4.71
4.61
4.76
4.48
4.45
4.65
4.58
4.68
4.44
4.48
4.34
4.14
4.13
4.32
4.51
4.35
4.33
4.63
4.26
4.62
4.74
4.66
4.56
4.71
4.8
4.65
4.8
4.52
4.51
4.64
4.59
4.65
4.44
4.55
4.39
4.25
4.28
4.4
4.54
4.44
4.38
4.68
4.29
4.67
4.77
4.62
4.59
4.87
4.98
4.78
4.91
4.68
4.6
4.72
4.63
4.65
4.48
4.65
4.5
4.34
4.3
4.44
4.56
4.43
4.4
4.72
4.31
4.67
4.8
4.64
4.63
4.92
4.99
4.87
4.96
4.74
4.71
4.8
4.72
4.74
4.54
4.72
4.56
4.43
4.39
4.58
4.69
4.52
4.51
4.81
4.41
4.71
4.87
4.8
4.74
5.02
5.14
5.0
4.99
4.79
4.87
4.83
4.72
4.71
4.57
4.78
4.62
4.56
4.35
4.55
4.72
4.49
4.52
4.87
4.49
4.72
4.94
4.88
4.85
5.08
5.2
5.08
5.11
4.88
4.99
5.03
4.83
4.87
4.74
4.87
4.71
4.66
4.39
4.61
4.7
4.48
4.49
4.8
4.52
4.73
4.96
4.91
4.85
5.07
5.09
5.01
5.07
4.79
4.91
4.97
4.83
4.8
4.57
4.79
4.57
4.51
4.38
4.53
4.64
4.45
4.38
4.69
4.43
4.78
5.0
5.02
4.9
5.08
5.11
5.04
5.07
4.9
5.06
5.09
4.96
4.94
4.69
4.92
4.66
4.57
4.54
4.71
4.82
4.62
4.56
4.9
4.62
4.84
5.07
5.02
4.92
5.18
5.22
5.17
5.19
4.99
5.1
5.09
4.91
4.93
4.74
4.98
4.67
4.61
4.56
4.73
4.89
4.74
4.63
4.98
4.63
4.93
5.16
4.99
4.84
5.22
5.22
5.12
5.21
5.07
5.08
5.07
4.92
4.98
4.77
4.98
4.7
4.7
4.56
4.73
4.87
4.77
4.61
4.93
4.63
4.93
5.2
5.01
4.85
5.26
5.28
5.22
5.19
5.09
5.08
5.09
4.9
4.91
4.72
4.96
4.77
4.73
4.56
4.75
4.75
4.78
4.52
4.89
4.58
4.89
5.11
4.99
4.81
5.18
5.19
5.04
5.01
4.98
4.92
4.98
4.76
4.82
4.63
4.84
4.73
4.72
4.65
4.84
4.85
4.98
4.68
4.94
4.71
5.02
5.17
5.08
4.79
5.16
5.23
5.03
4.98
4.96
4.92
5.01
4.91
4.85
4.63
4.96
4.85
4.79
4.83
4.88
4.87
4.99
4.72
4.98
4.77
5.0
5.26
5.17
4.9
5.25
5.23
5.11
5.02
4.98
4.99
5.09
4.91
4.83
4.63
4.91
4.88
4.79
4.85
4.94
4.92
5.01
4.7
4.97
4.67
4.89
5.17
5.06
4.94
5.29
5.26
5.14
5.06
5.02
5.06
5.15
4.98
4.83
4.68
4.93
4.83
4.87
4.9
5.03
5.05
5.15
4.88
5.08
4.77
4.97
5.21
5.07
4.84
5.2
5.23
5.14
5.07
5.07
5.1
5.15
4.92
4.78
4.58
4.87
4.7
4.83
4.94
5.1
5.09
5.19
4.91
5.16
4.83
5.05
5.32
5.16
5.06
5.43
5.32
5.27
5.18
5.22
5.22
5.33
5.11
4.98
4.76
4.96
4.73
4.92
5.01
5.18
5.19
5.26
5.07
5.26
4.97
5.14
5.39
5.28
5.16
5.5
5.41
5.33
5.21
5.27
5.31
5.39
5.28
5.03
4.88
5.09
4.84
5.03
5.17
5.36
5.3
5.36
5.22
5.46
5.01
5.18
5.38
5.3
5.16
5.5
5.46
5.23
5.18
5.28
5.28
5.45
5.27
5.04
4.95
5.11
4.94
5.13
5.16
5.37
5.34
5.45
5.33
5.54
5.22
5.35
5.5
5.38
5.24
5.55
5.49
5.26
5.28
5.38
5.34
5.5
5.34
5.16
4.99
5.16
5.0
5.15
5.27
5.48
5.44
5.56
5.4
5.66
5.28
5.49
5.64
5.4
5.2
5.53
5.48
5.23
5.18
5.36
5.35
5.38
5.29
5.04
4.88
5.07
4.98
5.14
5.31
5.48
5.48
5.62
5.44
5.72
5.24
5.44
5.61
5.38
5.19
5.46
5.49
5.23
5.15
5.33
5.34
5.47
5.41
5.18
5.03
5.2
5.08
5.22
5.32
5.53
5.47
5.57
5.44
5.72
5.33
5.39
5.63
5.38
5.26
5.56
5.56
5.3
5.28
5.41
5.37
5.53
5.46
5.26
5.02
5.18
5.03
5.22
5.27
5.5
5.43
5.51
5.31
5.68
5.35
5.51
5.78
5.56
5.4
5.57
5.55
5.28
5.17
5.36
5.25
5.5
5.35
5.24
4.98
5.15
5.06
5.28
5.32
5.54
5.38
5.42
5.21
5.56
5.3
5.45
5.65
5.54
5.38
5.59
5.56
5.39
5.17
5.31
5.25
5.5
5.38
5.28
5.0
5.21
5.08
5.28
5.32
5.56
5.38
5.41
5.14
5.53
5.18
5.35
5.47
5.42
5.28
5.47
5.38
5.27
5.15
5.4
5.29
5.48
5.4
5.3
5.05
5.26
5.07
5.29
5.46
5.58
5.52
5.49
5.26
5.61
5.25
5.51
5.58
5.46
5.3
5.49
5.47
5.36
5.25
5.41
5.37
5.51
5.47
5.34
5.1
5.33
5.19
5.39
5.49
5.62
5.53
5.45
5.23
5.66
5.27
5.56
5.64
5.43
5.38
5.53
5.54
5.44
5.32
5.48
5.5
5.55
5.42
5.34
5.15
5.35
5.2
5.46
5.51
5.64
5.6
5.51
5.25
5.7
5.32
5.63
5.65
5.42
5.38
5.53
5.56
5.37
5.27
5.44
5.46
5.53
5.42
5.32
5.08
5.4
5.23
5.46
5.53
5.62
5.64
5.58
5.27
5.77
5.46
5.77
5.77
5.52
5.5
5.6
5.65
5.46
5.32
5.56
5.48
5.55
5.5
5.42
5.11
5.41
5.34
5.53
5.58
5.6
5.65
5.51
5.18
5.61
5.34
5.64
5.68
5.49
5.51
5.6
5.6
5.41
5.24
5.46
5.35
5.48
5.43
5.4
5.09
5.35
5.38
5.57
5.53
5.5
5.59
5.4
5.14
5.49
5.26
5.55
5.53
5.33
5.31
5.35
5.48
5.27
5.12
5.35
5.28
5.42
5.33
5.26
4.98
5.26
5.34
5.5
5.41
5.36
5.44
5.32
5.06
5.45
5.26
5.53
5.51
5.32
5.34
5.35
5.44
5.2
5.11
5.36
5.34
5.39
5.27
5.26
4.93
5.19
5.33
5.49
5.36
5.29
5.51
5.4
5.02
5.44
5.34
5.68
5.66
5.44
5.47
5.46
5.53
5.38
5.28
5.46
5.44
5.43
5.33
5.32
4.97
5.18
5.33
5.54
5.46
5.35
5.56
5.4
5.01
5.39
5.24
5.58
5.58
5.34
5.41
5.41
5.4
5.27
5.12
5.33
5.27
5.33
5.2
5.17
4.9
5.05
5.2
5.53
5.43
5.28
5.5
5.28
4.88
5.21
5.12
5.44
5.42
5.28
5.38
5.4
5.38
5.29
5.17
5.33
5.26
5.28
5.15
5.23
5.02
5.15
5.24
5.56
5.43
5.27
5.49
5.24
4.89
5.16
5.08
5.45
5.44
5.33
5.42
5.48
5.46
5.42
5.25
5.42
5.33
5.26
5.15
5.25
5.02
5.17
5.31
5.68
5.49
5.38
5.58
5.27
4.95
5.17
5.06
5.41
5.36
5.26
5.33
5.42
5.35
5.35
5.18
5.3
5.28
5.16
5.08
5.16
5.02
5.22
5.4
5.73
5.49
5.3
5.5
5.21
4.93
5.08
4.96
5.25
5.09
5.05
5.17
5.37
5.29
5.28
5.18
5.26
5.37
5.22
5.19
5.18
5.07
5.25
5.32
5.67
5.44
5.22
5.45
5.17
4.99
5.09
4.98
5.28
5.18
5.07
5.19
5.36
5.19
5.19
5.11
5.26
5.37
5.19
5.15
5.11
5.07
5.23
5.34
5.64
5.33
5.13
5.41
5.11
5.02
5.08
5.0
5.27
5.2
5.11
5.23
5.44
5.24
5.21
5.15
5.26
5.44
5.31
5.21
5.16
5.08
5.22
5.34
5.63
5.21
5.13
5.33
5.0
4.94
4.94
4.92
5.11
5.14
5.03
5.19
5.49
5.21
5.28
5.24
5.42
5.57
5.47
5.29
5.22
5.21
5.33
5.38
5.68
5.25
5.17
5.37
5.02
5.02
5.0
4.94
5.17
5.21
5.18
5.34
5.62
5.3
5.36
5.35
5.5
5.61
5.54
5.36
5.33
5.34
5.36
5.45
5.67
5.29
5.19
5.38
5.07
5.08
5.03
5.02
5.19
5.25
5.19
5.34
5.7
5.4
5.51
5.51
5.68
5.71
5.59
5.41
5.39
5.45
5.42
5.5
5.69
5.34
5.21
5.34
5.05
5.09
5.07
5.0
5.16
5.21
5.2
5.27
5.66
5.32
5.44
5.45
5.62
5.7
5.58
5.34
5.33
5.46
5.38
5.43
5.63
5.28
5.17
5.2
5.01
5.14
5.1
5.01
5.12
5.18
5.15
5.26
5.64
5.32
5.45
5.49
5.61
5.7
5.57
5.44
5.4
5.55
5.53
5.48
5.64
5.29
5.3
5.28
5.1
5.16
5.14
5.06
5.19
5.29
5.28
5.41
5.8
5.42
5.65
5.7
5.8
5.84
5.68
5.51
5.56
5.66
5.64
5.68
5.75
5.45
5.46
5.47
5.28
5.2
5.13
5.08
5.18
5.32
5.26
5.34
5.73
5.43
5.71
5.75
5.81
5.78
5.68
5.51
5.61
5.78
5.71
5.77
5.87
5.56
5.6
5.5
5.24
5.23
5.15
5.09
5.12
5.21
5.18
5.34
5.77
5.44
5.7
5.75
5.85
5.8
5.72
5.55
5.66
5.84
5.8
5.77
5.75
5.47
5.56
5.41
5.16
5.16
5.09
5.02
5.01
5.12
5.14
5.27
5.72
5.46
5.77
5.76
5.85
5.82
5.74
5.59
5.66
5.78
5.8
5.75
5.62
5.36
5.55
5.41
5.24
5.2
5.19
5.17
5.09
5.28
5.25
5.45
5.84
5.59
5.86
5.81
5.96
5.87
5.83
5.7
5.62
5.74
5.79
5.78
5.65
5.38
5.58
5.46
5.28
5.23
5.19
5.23
5.07
5.27
5.22
5.39
5.82
5.55
5.76
5.76
5.92
5.73
5.77
5.61
5.53
5.72
5.67
5.7
5.58
5.3
5.5
5.37
5.3
5.25
5.21
5.27
5.19
5.37
5.33
5.46
5.88
5.68
5.84
5.83
5.99
5.69
5.73
5.57
5.5
5.71
5.63
5.66
5.56
5.32
5.54
5.38
5.32
5.31
5.25
5.3
5.25
5.46
5.39
5.49
5.89
5.7
5.77
5.78
5.95
5.62
5.64
5.57
5.5
5.7
5.64
5.77
5.57
5.29
5.54
5.42
5.33
5.31
5.32
5.42
5.34
5.52
5.44
5.55
5.9
5.84
5.8
5.84
5.97
5.67
5.61
5.57
5.5
5.68
5.65
5.79
5.61
5.43
5.65
5.44
5.39
5.31
5.35
5.46
5.37
5.6
5.48
5.63
5.99
5.92
5.85
5.96
6.08
5.66
5.56
5.52
5.45
5.64
5.65
5.82
5.64
5.47
5.7
5.52
5.46
5.43
5.48
5.63
5.52
5.82
5.67
5.8
6.02
6.03
5.92
6.01
6.07
5.62
5.51
5.52
5.53
5.66
5.71
5.87
5.68
5.57
5.71
5.57
5.46
5.5
5.57
5.69
5.52
5.82
5.58
5.69
5.9
5.96
5.86
5.89
5.96
5.56
5.41
5.46
5.45
5.6
5.64
5.83
5.69
5.61
5.79
5.61
5.47
5.48
5.53
5.64
5.48
5.73
5.49
5.63
5.8
5.87
5.79
5.77
5.83
5.44
