0
0
0
0
0
0
0
3
78
131
166
153
153
102
58
30
0
0
0
0
0
0
0
0
0
0
0
0
0
0
0
1
26
159
294
86
83
56
42
17
0
0
0
0
0
0
0
0
0
0
0
0
0
0
0
3
78
201
96
165
65
57
53
17
0
0
0
0
0
0
0
0
0
0
0
0
0
0
0
1
26
42
58
67
65
57
42
17
0
0
0
0
0
0
0
0
0
0
0
0
0
0
0
2
61
111
371
429
425
113
253
118
0
0
0
0
0
0
0
0
0
0
0
0
0
0
0
6
156
284
378
429
425
368
248
119
0
0
0
0
0
0
0
0
0
0
0
0
0
0
0
6
156
291
372
435
431
176
249
119
0
0
0
0
0
0
0
0
0
0
0
0
0
0
0
6
156
152
224
147
231
272
154
36
0
0
0
0
0
0
0
0
0
0
0
0
0
0
0
7
156
111
167
435
432
295
265
54
5
0
0
0
0
0
0
0
0
0
0
0
0
0
0
4
95
187
243
276
278
238
170
81
4
0
0
0
0
0
0
0
0
0
0
0
0
0
0
4
95
187
250
282
278
244
176
81
5
0
0
0
0
0
0
0
0
0
0
0
0
0
0
4
95
186
250
282
402
369
240
136
8
0
0
0
0
0
0
0
0
0
0
0
0
0
0
8
163
193
269
258
290
256
128
137
7
0
0
0
0
0
0
0
0
0
0
0
0
0
0
8
163
297
70
74
71
63
48
50
11
0
0
0
0
0
0
0
0
0
0
0
0
0
0
9
162
297
397
429
397
399
230
147
7
0
0
0
0
0
0
0
0
0
0
0
0
0
0
2
43
103
231
221
101
182
290
120
9
0
0
0
0
0
0
0
0
0
0
0
0
0
0
4
68
48
64
86
119
80
97
121
11
0
0
0
0
0
0
0
0
0
0
0
0
0
0
10
169
310
403
466
462
405
296
154
18
0
0
0
0
0
0
0
0
0
0
0
0
0
0
11
168
309
403
466
468
411
307
160
19
0
0
0
0
0
0
0
0
0
0
0
0
0
0
5
67
213
301
417
475
417
291
165
18
0
0
0
0
0
0
0
0
0
0
0
0
0
0
0
67
117
256
473
427
143
259
161
23
0
0
0
0
0
0
0
0
0
0
0
0
0
0
0
175
315
422
479
481
423
319
171
27
0
0
0
0
0
0
0
0
0
0
0
0
0
0
0
33
68
134
153
101
120
54
43
8
0
0
0
0
0
0
0
0
0
0
0
0
0
0
0
132
192
236
178
309
240
293
178
29
0
0
0
0
0
0
0
0
0
0
0
0
0
0
0
41
150
153
172
202
160
92
29
24
0
0
0
0
0
0
0
0
0
0
0
0
0
0
0
33
82
70
80
77
86
82
63
17
0
0
0
0
0
0
0
0
0
0
0
0
0
0
0
98
102
77
172
172
80
71
73
23
0
0
0
0
0
0
0
0
0
0
0
0
0
0
0
178
266
351
503
368
247
229
102
33
0
0
0
0
0
0
0
0
0
0
0
0
0
0
0
89
184
249
135
143
161
120
103
37
0
0
0
0
0
0
0
0
0
0
0
0
0
0
0
201
292
453
503
517
425
344
202
47
0
0
0
0
0
0
0
0
0
0
0
0
0
0
0
208
231
338
485
440
282
213
104
51
0
0
0
0
0
0
0
0
0
0
0
0
0
0
33
185
260
443
384
232
406
290
208
59
0
0
0
0
0
0
0
0
0
0
0
0
0
0
39
102
268
428
518
523
417
289
197
51
0
0
0
0
0
0
0
0
0
0
0
0
0
0
37
185
342
464
532
537
481
367
213
57
0
0
0
0
0
0
0
0
0
0
0
0
0
0
35
179
335
457
523
528
470
356
204
54
0
0
0
0
0
0
0
0
0
0
0
0
0
0
38
189
344
464
530
536
480
369
217
60
0
0
0
0
0
0
0
0
0
0
0
0
0
0
46
199
312
174
197
199
303
140
86
28
0
0
0
0
0
0
0
0
0
0
0
0
0
0
20
53
96
130
149
150
134
103
111
58
0
0
0
0
0
0
0
0
0
0
0
0
0
0
24
91
229
288
252
241
235
347
215
68
0
0
0
0
0
0
0
0
0
0
0
0
0
0
38
179
319
438
498
483
398
335
194
79
0
0
0
0
0
0
0
0
0
0
0
0
0
0
24
86
143
251
424
467
478
356
217
62
1
0
0
0
0
0
0
0
0
0
0
0
0
0
22
114
163
138
157
158
142
111
67
28
1
0
0
0
0
0
0
0
0
0
0
0
0
0
68
181
335
522
498
315
434
390
239
82
2
0
0
0
0
0
0
0
0
0
0
0
0
0
24
75
121
155
173
218
199
160
105
42
1
0
0
0
0
0
0
0
0
0
0
0
0
0
29
58
100
135
154
156
140
107
65
35
1
0
0
0
0
0
0
0
0
0
0
0
0
0
47
117
207
338
351
554
415
110
67
71
1
0
0
0
0
0
0
0
0
0
0
0
0
1
65
248
413
536
604
593
505
438
264
80
3
0
0
0
0
0
0
0
0
0
0
0
0
0
54
144
235
295
321
295
307
326
117
81
5
0
0
0
0
0
0
0
0
0
0
0
0
0
75
194
380
409
209
211
191
150
95
41
3
0
0
0
0
0
0
0
0
0
0
0
0
1
84
251
412
534
600
605
549
436
280
110
6
0
0
0
0
0
0
0
0
0
0
0
0
0
23
46
322
146
165
449
370
268
182
54
5
0
0
0
0
0
0
0
0
0
0
0
0
0
22
59
91
115
128
129
118
96
64
28
2
0
0
0
0
0
0
0
0
0
0
0
0
1
23
59
110
139
154
186
142
116
78
93
4
0
0
0
0
0
0
0
0
0
0
0
0
1
21
56
89
113
126
127
116
167
74
31
4
0
0
0
0
0
0
0
0
0
0
0
0
5
109
286
449
571
636
641
583
470
311
134
10
0
0
0
0
0
0
0
0
0
0
0
0
3
42
97
156
200
224
226
205
272
176
46
6
0
0
0
0
0
0
0
0
0
0
0
0
5
69
217
359
484
481
510
360
395
267
93
10
0
0
0
0
0
0
0
0
0
0
0
0
2
33
138
109
138
154
155
141
113
89
51
7
0
0
0
0
0
0
0
0
0
0
0
0
6
90
83
260
340
385
291
171
181
82
41
7
0
0
0
0
0
0
0
0
0
0
0
0
10
138
324
493
573
618
615
558
464
254
138
17
0
0
0
0
0
0
0
0
0
0
0
0
12
143
331
500
588
691
643
635
517
333
160
17
0
0
0
0
0
0
0
0
0
0
0
0
14
152
341
510
633
699
702
642
524
359
131
20
0
0
0
0
0
0
0
0
0
0
0
0
13
143
327
295
323
361
301
220
308
211
59
12
0
0
0
0
0
0
0
0
0
0
0
0
14
109
233
106
130
142
143
131
109
77
47
7
0
0
0
0
0
0
0
0
0
0
0
0
6
40
85
149
183
201
201
185
127
89
44
7
0
0
0
0
0
0
0
0
0
0
0
0
8
39
74
95
143
159
160
173
139
93
49
13
0
0
0
0
0
0
0
0
0
0
0
0
22
176
369
538
662
727
709
629
314
246
118
28
0
0
0
0
0
0
0
0
0
0
0
0
20
138
352
445
602
688
628
476
406
158
120
17
0
0
0
0
0
0
0
0
0
0
0
0
25
167
172
304
337
548
483
389
284
287
71
19
0
0
0
0
0
0
0
0
0
0
0
0
23
161
346
513
636
700
702
640
519
354
169
26
0
0
0
0
0
0
0
0
0
0
0
0
17
82
363
368
449
622
645
624
559
351
178
33
0
0
0
0
0
0
0
0
0
0
0
0
14
56
110
158
456
597
643
469
319
361
162
24
0
0
0
0
0
0
0
0
0
0
0
0
21
79
311
371
527
525
214
460
406
317
82
32
0
0
0
0
0
0
0
0
0
0
0
0
26
166
282
376
497
571
488
517
288
262
183
34
0
0
0
0
0
0
0
0
0
0
0
0
30
164
368
535
608
271
289
647
332
207
100
33
0
0
0
0
0
0
0
0
0
0
0
0
17
63
172
549
592
670
459
276
212
117
62
17
0
0
0
0
0
0
0
0
0
0
0
0
20
182
204
203
421
370
429
313
505
380
85
26
0
0
0
0
0
0
0
0
0
0
0
0
46
211
95
113
137
149
149
136
134
94
49
18
0
0
0
0
0
0
0
0
0
0
0
0
27
67
92
132
456
210
210
191
156
90
55
21
0
0
0
0
0
0
0
0
0
0
0
0
58
80
210
283
406
267
487
251
453
154
153
31
0
0
0
0
0
0
0
0
0
0
0
0
63
242
436
580
624
704
748
616
214
154
84
20
0
0
0
0
0
0
0
0
0
0
0
0
25
54
97
137
166
181
180
196
281
112
62
27
0
0
0
0
0
0
0
0
0
0
0
0
67
246
440
607
726
787
757
718
595
425
230
56
0
0
0
0
0
0
0
0
0
0
0
0
74
109
282
475
487
367
698
362
577
253
211
29
0
0
0
0
0
0
0
0
0
0
0
0
28
92
129
177
210
226
225
207
172
124
68
25
0
0
0
0
0
0
0
0
0
0
0
0
28
75
131
178
211
228
190
146
121
88
48
17
0
0
0
0
0
0
0
0
0
0
0
0
27
61
107
123
175
189
188
205
170
121
66
29
0
0
0
0
0
0
0
0
0
0
0
1
34
74
108
177
210
227
225
207
171
122
67
30
0
0
0
0
0
0
0
0
0
0
0
2
45
246
409
561
476
230
228
210
175
126
70
28
0
0
0
0
0
0
0
0
0
0
0
1
42
82
128
176
210
227
225
206
170
120
76
36
0
0
0
0
0
0
0
0
0
0
0
0
93
58
93
146
130
200
178
134
182
114
155
45
0
0
0
0
0
0
0
0
0
0
0
0
131
297
458
439
743
370
333
163
448
398
166
49
0
0
0
0
0
0
0
0
0
0
0
0
99
152
265
375
458
139
232
268
193
142
86
72
0
0
0
0
0
0
0
0
0
0
0
0
58
58
404
629
662
842
832
752
625
464
277
89
0
0
0
0
0
0
0
0
0
0
0
0
29
79
192
159
130
261
184
210
131
131
86
66
0
0
0
0
0
0
0
0
0
0
0
0
66
114
86
159
186
164
184
693
591
465
284
94
0
0
0
0
0
0
0
0
0
0
0
2
148
342
514
679
785
854
838
769
648
487
289
95
0
0
0
0
0
0
0
0
0
0
0
3
155
348
527
672
723
666
262
268
142
82
46
60
0
0
0
0
0
0
0
0
0
0
0
2
63
78
86
108
130
133
137
122
154
148
158
52
0
0
0
0
0
0
0
0
0
0
0
5
169
353
539
684
809
866
862
775
643
88
46
20
0
0
0
0
0
0
0
0
0
0
0
7
167
176
505
133
130
139
137
128
176
88
82
49
0
0
0
0
0
0
0
0
0
0
0
8
173
365
544
702
821
878
868
793
660
494
302
107
0
0
0
0
0
0
0
0
0
0
0
10
180
365
537
708
808
835
844
781
649
494
302
117
0
0
0
0
0
0
0
0
0
0
0
0
170
350
399
499
697
787
684
612
427
308
185
59
0
0
0
0
0
0
0
0
0
0
0
0
93
84
105
164
148
157
143
134
108
104
77
46
0
0
0
0
0
0
0
0
0
0
0
0
92
118
131
114
130
145
137
128
108
99
77
30
0
0
0
0
0
0
0
0
0
0
0
0
182
139
215
177
376
417
291
128
108
99
82
47
0
0
0
0
0
0
0
0
0
0
0
0
197
153
215
227
136
139
149
134
416
358
170
47
0
0
0
0
0
0
0
0
0
0
0
0
204
394
573
731
468
417
493
239
336
358
202
126
2
0
0
0
0
0
0
0
0
0
0
0
210
394
586
731
819
798
226
210
125
127
83
22
1
0
0
0
0
0
0
0
0
0
0
0
193
159
176
220
363
393
559
362
342
331
187
22
2
0
0
0
0
0
0
0
0
0
0
0
112
69
98
139
135
145
143
152
251
259
145
88
4
0
0
0
0
0
0
0
0
0
0
0
111
110
110
170
166
157
434
560
650
513
338
146
6
0
0
0
0
0
0
0
0
0
0
0
221
418
604
730
868
919
903
823
690
541
344
151
7
0
0
0
0
0
0
0
0
0
0
0
235
425
597
742
856
925
897
835
679
536
292
143
5
0
0
0
0
0
0
0
0
0
0
51
242
403
603
729
849
919
594
817
674
481
324
126
9
0
0
0
0
0
0
0
0
0
0
32
155
68
97
151
160
157
143
134
114
111
57
27
8
0
0
0
0
0
0
0
0
0
0
62
93
82
123
119
498
332
202
187
411
459
330
140
10
0
0
0
0
0
0
0
0
0
0
74
246
436
621
773
873
937
927
847
703
554
361
164
11
0
0
0
0
0
0
0
0
0
0
71
253
449
627
772
886
943
927
852
720
543
362
169
13
0
0
0
0
0
0
0
0
0
0
14
107
136
110
126
178
193
143
134
114
100
95
28
10
0
0
0
0
0
0
0
0
0
0
53
76
251
601
521
861
912
903
823
697
538
357
166
17
0
0
0
0
0
0
0
0
0
0
77
235
413
600
753
854
912
903
824
698
544
358
166
20
0
0
0
0
0
0
0
0
0
0
87
166
216
316
383
338
236
220
169
137
89
174
139
16
0
0
0
0
0
0
0
0
0
0
12
180
439
626
734
793
834
856
812
612
411
343
172
21
0
0
0
0
0
0
0
0
0
0
83
255
439
625
765
860
924
909
841
709
555
359
168
24
0
0
0
0
0
0
0
0
0
0
92
202
223
309
213
264
411
838
713
378
272
291
103
5
0
0
0
0
0
0
0
0
0
0
68
89
128
219
213
584
773
624
298
286
150
85
66
5
0
0
0
0
0
0
0
0
0
0
78
126
269
386
470
719
513
880
830
704
534
355
174
29
0
0
0
0
0
0
0
0
0
0
98
89
128
103
125
147
761
886
830
693
540
350
132
27
0
0
0
0
0
0
0
0
0
0
54
148
202
187
200
381
272
196
140
120
122
74
33
11
0
0
0
0
0
0
0
0
0
0
106
265
376
624
764
866
906
452
783
705
557
372
190
34
0
0
0
0
0
0
0
0
0
0
104
272
456
623
764
878
924
916
836
716
568
377
191
35
0
0
0
0
0
0
0
0
0
0
82
139
74
379
125
141
652
149
152
195
95
74
62
6
0
0
0
0
0
0
0
0
0
0
20
132
174
186
169
239
260
214
240
229
546
165
91
31
0
0
0
0
0
0
0
0
0
0
100
241
187
270
300
626
912
886
784
676
368
357
188
37
0
0
0
0
0
0
0
0
0
0
109
255
328
533
713
835
894
886
825
688
552
368
174
25
0
0
0
0
0
0
0
0
0
0
98
255
254
334
325
307
882
601
591
275
234
165
193
42
0
0
0
0
0
0
0
0
0
0
39
116
234
186
225
166
193
184
287
229
201
230
165
46
0
0
0
0
0
0
0
0
0
0
19
51
87
167
400
890
948
940
872
746
575
401
214
46
0
0
0
0
0
0
0
0
0
1
124
290
460
635
788
896
930
886
784
654
581
401
214
50
0
0
0
0
0
0
0
0
0
1
124
289
473
654
800
908
960
946
860
740
570
407
219
51
0
0
0
0
0
0
0
0
0
1
123
144
187
211
588
859
936
868
854
735
576
402
186
52
0
0
0
0
0
0
0
0
0
1
84
188
460
647
788
908
936
934
860
729
570
214
152
35
0
0
0
0
0
0
0
0
0
2
130
295
473
628
775
883
936
952
855
718
582
408
226
56
0
0
0
0
0
0
0
0
0
3
139
309
493
660
775
834
960
946
866
741
588
408
226
57
0
0
0
0
0
0
0
0
0
3
129
295
479
666
800
902
942
946
861
729
582
403
216
61
0
0
0
0
0
0
0
0
0
2
73
273
259
282
162
233
453
250
322
299
118
64
49
22
0
0
0
0
0
0
0
0
0
3
128
301
160
320
175
288
465
250
269
471
532
263
178
62
0
0
0
0
0
0
0
0
0
4
136
287
226
186
131
215
175
149
369
546
207
134
227
26
0
0
0
0
0
0
0
0
0
2
72
93
153
179
212
202
332
416
679
713
560
398
223
52
0
0
0
0
0
0
0
0
0
2
63
79
140
134
137
215
387
202
568
512
398
356
223
64
0
0
0
0
0
0
0
0
0
4
126
257
166
198
131
264
205
280
158
172
252
108
60
15
0
0
0
0
0
0
0
0
0
4
116
143
186
237
144
258
296
238
545
230
224
183
90
27
0
0
0
0
0
0
0
0
0
3
71
86
100
134
344
319
254
565
486
443
544
399
110
38
0
0
0
0
0
0
0
0
0
1
18
57
86
102
131
374
157
149
164
213
101
130
75
19
0
0
0
0
0
0
0
0
0
1
27
78
119
134
187
221
652
720
463
460
275
243
65
23
0
0
0
0
0
0
0
0
0
3
80
143
153
326
287
534
381
357
246
339
281
173
190
74
0
0
0
0
0
0
0
0
0
6
133
292
484
646
768
890
936
905
850
742
567
411
225
71
0
0
0
0
0
0
0
0
0
6
133
299
484
640
787
877
948
923
838
742
584
411
230
75
0
0
0
0
0
0
0
0
0
6
124
249
372
620
768
871
912
804
803
599
579
389
221
75
0
0
0
0
0
0
0
0
0
6
133
285
471
640
787
877
918
923
838
748
584
363
241
79
0
0
0
0
0
0
0
0
0
2
44
50
80
493
700
638
707
887
457
564
365
411
231
80
0
0
0
0
0
0
0
0
0
6
133
285
464
627
681
755
792
786
739
651
523
390
226
72
0
0
0
0
0
0
0
0
0
6
133
299
464
646
787
847
876
905
856
754
551
417
181
80
0
0
0
0
0
0
0
0
0
5
115
299
445
173
144
153
211
250
164
639
489
428
252
80
0
0
0
0
0
0
0
0
0
6
133
278
471
653
781
884
937
911
850
720
607
423
252
81
0
0
0
0
0
0
0
0
0
6
133
307
478
646
775
884
943
923
862
743
607
428
252
81
0
0
0
0
0
0
0
0
0
1
27
50
106
224
312
810
768
917
845
755
602
336
232
85
0
0
0
0
0
0
0
0
0
4
97
242
412
493
662
835
852
917
862
277
596
418
101
12
0
0
0
0
0
0
0
0
0
2
44
157
246
198
556
381
345
816
680
351
433
390
232
65
0
0
0
0
0
0
0
0
0
2
36
57
93
122
194
203
272
232
199
432
478
266
247
85
0
0
0
0
0
0
0
0
0
5
125
186
193
371
731
773
175
852
680
582
264
157
232
86
0
0
0
0
0
0
0
0
0
5
125
293
465
640
700
583
937
894
857
749
591
434
248
86
0
0
0
0
0
0
0
0
0
5
125
286
458
627
769
866
949
929
868
749
568
407
167
82
0
0
0
0
0
0
0
0
0
5
125
300
472
640
781
890
919
923
845
749
585
423
253
86
0
0
0
0
0
0
0
0
0
5
126
279
445
621
750
768
846
691
821
738
400
342
243
86
0
0
0
0
0
0
0
0
0
4
126
279
452
615
775
878
931
912
863
738
580
239
86
86
0
0
0
0
0
0
0
0
0
4
127
287
452
621
744
847
599
906
839
640
552
347
172
82
0
0
0
0
0
0
0
0
0
4
127
280
439
621
776
860
907
352
833
680
360
396
212
78
0
0
0
0
0
0
0
0
0
4
127
294
453
628
769
712
925
918
863
703
585
413
248
69
0
0
0
0
0
0
0
0
0
3
119
295
459
615
751
848
454
781
487
300
315
217
76
29
0
0
0
0
0
0
0
0
0
3
119
280
460
628
757
854
925
924
857
680
597
374
232
86
0
0
0
0
0
0
0
0
0
3
120
288
446
616
738
848
901
888
775
669
377
402
243
90
0
0
0
0
0
0
0
0
0
1
46
108
127
301
701
676
883
733
170
306
355
87
40
12
0
0
0
0
0
0
0
0
0
2
112
281
447
629
764
848
871
858
822
484
315
119
91
41
0
0
0
0
0
0
0
0
0
2
112
217
340
443
545
811
853
906
851
721
563
401
237
85
0
0
0
0
0
0
0
0
0
1
113
267
254
578
657
830
865
829
833
732
585
418
247
85
0
0
0
0
0
0
0
0
0
1
114
282
454
616
751
860
926
912
851
749
602
423
247
85
0
0
0
0
0
0
0
0
0
1
114
275
448
616
739
854
908
918
857
749
591
417
247
84
0
0
0
0
0
0
0
0
0
1
106
276
448
604
733
861
914
900
833
743
591
417
247
84
0
0
0
0
0
0
0
0
0
0
77
225
441
604
727
824
896
626
628
496
259
146
106
24
0
0
0
0
0
0
0
0
0
0
19
95
80
193
363
418
436
429
405
363
298
217
131
44
0
0
0
0
0
0
0
0
0
0
59
204
214
315
514
676
557
835
704
720
568
406
231
79
0
0
0
0
0
0
0
0
0
0
99
248
402
572
733
849
884
888
816
726
568
390
221
71
0
0
0
0
0
0
0
0
0
0
90
146
409
96
627
437
726
739
135
484
394
287
170
71
0
0
0
0
0
0
0
0
0
0
101
227
295
585
696
830
890
870
833
720
551
390
225
74
0
0
0
0
0
0
0
0
0
0
102
176
403
586
708
824
829
847
411
380
551
238
185
74
0
0
0
0
0
0
0
0
0
0
51
88
403
502
646
664
745
805
704
645
219
211
175
73
0
0
0
0
0
0
0
0
0
0
93
250
430
599
715
843
914
906
839
737
590
416
235
73
0
0
0
0
0
0
0
0
0
0
95
251
417
412
182
468
763
745
135
121
522
76
159
72
0
0
0
0
0
0
0
0
0
0
85
192
357
593
351
794
878
417
223
351
140
383
229
72
0
0
0
0
0
0
0
0
0
0
86
244
417
567
521
732
866
853
833
731
584
399
229
68
0
0
0
0
0
0
0
0
0
0
87
238
310
103
144
689
272
233
311
167
208
108
50
56
0
0
0
0
0
0
0
0
0
0
89
245
398
568
697
825
890
888
827
731
561
404
228
59
0
0
0
0
0
0
0
0
0
0
79
216
67
97
308
142
145
513
463
414
140
75
89
29
0
0
0
0
0
0
0
0
0
0
80
217
250
361
433
499
521
519
487
524
129
81
35
11
0
0
0
0
0
0
0
0
0
0
70
232
419
536
528
757
176
674
792
725
572
398
222
61
0
0
0
0
0
0
0
0
0
0
83
233
413
575
521
696
690
841
686
627
549
398
216
56
0
0
0
0
0
0
0
0
0
0
72
218
393
562
710
794
823
840
745
667
515
338
196
56
0
0
0
0
0
0
0
0
0
0
74
234
400
556
691
739
442
864
821
713
560
381
210
55
0
0
0
0
0
0
0
0
0
0
50
189
407
524
522
819
866
864
745
713
543
257
117
37
0
0
0
0
0
0
0
0
0
0
76
235
400
576
729
825
890
882
780
552
341
354
175
47
0
0
0
0
0
0
0
0
0
0
52
220
346
550
698
819
884
882
815
713
571
375
209
46
0
0
0
0
0
0
0
0
0
0
67
229
401
576
704
832
866
721
797
345
380
192
131
29
0
0
0
0
0
0
0
0
0
0
68
107
238
447
654
739
557
781
563
276
335
310
159
41
0
0
0
0
0
0
0
0
0
0
14
138
293
285
396
561
539
751
762
471
475
192
58
12
0
0
0
0
0
0
0
0
0
0
58
231
382
570
724
819
866
876
644
689
530
346
192
36
0
0
0
0
0
0
0
0
0
0
60
224
403
577
724
813
878
858
808
706
553
367
187
35
0
0
0
0
0
0
0
0
0
0
46
209
382
558
661
789
854
840
785
700
552
372
186
32
0
0
0
0
0
0
0
0
0
0
48
218
396
571
705
807
866
858
808
694
530
367
176
31
0
0
0
0
0
0
0
0
0
0
50
211
383
552
680
807
860
834
761
614
529
340
166
22
0
0
0
0
0
0
0
0
0
0
0
196
370
435
630
789
824
822
773
619
145
233
57
5
0
0
0
0
0
0
0
0
0
0
0
188
357
533
674
758
799
655
737
642
501
339
150
25
0
0
0
0
0
0
0
0
0
0
0
142
288
442
661
752
593
590
222
367
261
254
47
22
0
0
0
0
0
0
0
0
0
0
0
63
103
117
113
136
248
357
755
641
400
338
158
21
0
0
0
0
0
0
0
0
0
0
0
191
371
553
492
364
218
750
778
624
411
327
148
17
0
0
0
0
0
0
0
0
0
0
0
56
131
247
221
265
218
292
368
183
89
68
37
8
0
0
0
0
0
0
0
0
0
0
0
80
200
306
240
469
406
149
193
418
494
331
137
8
0
0
0
0
0
0
0
0
0
0
0
185
366
534
656
777
842
816
772
663
504
330
137
11
0
0
0
0
0
0
0
0
0
0
0
32
69
91
132
179
139
220
251
332
499
325
140
10
0
0
0
0
0
0
0
0
0
0
0
187
353
482
555
685
727
631
497
526
310
319
135
9
0
0
0
0
0
0
0
0
0
0
0
155
277
528
631
697
739
768
444
468
243
146
121
7
0
0
0
0
0
0
0
0
0
0
0
49
76
209
189
241
230
351
292
114
127
177
102
5
0
0
0
0
0
0
0
0
0
0
0
33
104
104
107
154
200
196
257
303
210
171
70
4
0
0
0
0
0
0
0
0
0
0
0
58
125
216
265
136
285
732
572
571
480
306
114
3
0
0
0
0
0
0
0
0
0
0
0
158
334
490
650
728
757
773
595
604
446
160
108
2
0
0
0
0
0
0
0
0
0
0
0
176
349
490
619
747
805
815
741
621
468
299
112
0
0
0
0
0
0
0
0
0
0
0
0
177
342
497
638
753
811
797
729
621
468
278
106
0
0
0
0
0
0
0
0
0
0
0
0
170
336
510
638
740
763
803
712
621
462
293
105
0
0
0
0
0
0
0
0
0
0
0
9
145
329
511
645
734
690
779
729
609
450
267
96
0
0
0
0
0
0
0
0
0
0
0
9
154
308
478
632
716
793
791
705
597
439
261
82
0
0
0
0
0
0
0
0
0
0
0
8
147
344
498
632
716
787
767
676
512
427
260
90
0
0
0
0
0
0
0
0
0
0
0
1
26
84
111
164
216
278
802
717
614
416
275
89
0
0
0
0
0
0
0
0
0
0
0
6
158
331
505
671
759
817
802
676
591
426
274
95
0
0
0
0
0
0
0
0
0
0
0
3
88
134
138
506
623
787
802
716
613
453
258
78
0
0
0
0
0
0
0
0
0
0
0
5
151
339
506
665
765
817
796
733
613
453
267
85
0
0
0
0
0
0
0
0
0
0
0
4
152
340
500
658
759
811
796
727
607
425
241
80
0
0
0
0
0
0
0
0
0
0
0
3
126
291
487
658
753
799
772
704
589
419
235
71
0
0
0
0
0
0
0
0
0
0
0
1
82
106
165
361
556
744
742
512
436
413
145
69
0
0
0
0
0
0
0
0
0
0
0
2
147
327
500
608
692
623
748
686
390
402
65
18
0
0
0
0
0
0
0
0
0
0
0
1
111
321
494
621
685
780
570
523
588
423
243
67
0
0
0
0
0
0
0
0
0
0
0
1
131
293
494
646
729
792
777
697
588
422
237
62
0
0
0
0
0
0
0
0
0
0
0
1
132
286
422
634
735
780
765
691
570
411
236
57
0
0
0
0
0
0
0
0
0
0
0
0
134
301
475
628
735
774
753
691
570
405
225
45
0
0
0
0
0
0
0
0
0
0
0
0
126
294
469
628
716
780
747
661
541
366
175
31
0
0
0
0
0
0
0
0
0
0
0
0
39
72
126
190
278
139
136
122
101
140
78
6
0
0
0
0
0
0
0
0
0
0
0
0
49
94
73
102
117
139
119
110
124
81
77
15
0
0
0
0
0
0
0
0
0
0
0
0
60
181
430
336
482
460
628
580
478
327
178
23
0
0
0
0
0
0
0
0
0
0
0
0
101
282
417
603
686
726
658
637
545
353
196
30
0
0
0
0
0
0
0
0
0
0
0
0
113
276
457
610
704
490
480
631
523
363
190
26
0
0
0
0
0
0
0
0
0
0
0
0
114
254
451
584
636
731
699
625
505
341
175
24
0
0
0
0
0
0
0
0
0
0
0
0
116
270
438
578
587
725
557
521
309
325
113
14
0
0
0
0
0
0
0
0
0
0
0
0
107
285
452
597
680
731
391
590
420
213
56
9
0
0
0
0
0
0
0
0
0
0
0
0
109
271
432
95
111
115
118
116
398
302
153
14
0
0
0
0
0
0
0
0
0
0
0
0
89
272
439
591
661
719
692
624
504
344
166
14
0
0
0
0
0
0
0
0
0
0
0
0
23
59
93
127
148
296
367
329
173
196
91
8
0
0
0
0
0
0
0
0
0
0
0
0
81
133
153
216
451
683
290
577
413
301
104
9
0
0
0
0
0
0
0
0
0
0
0
0
94
259
434
573
662
713
650
589
469
321
144
6
0
0
0
0
0
0
0
0
0
0
0
0
84
148
160
299
420
683
638
565
452
315
147
5
0
0
0
0
0
0
0
0
0
0
0
0
74
253
421
554
631
677
650
513
473
314
137
3
0
0
0
0
0
0
0
0
0
0
0
0
50
119
80
108
105
127
136
530
462
308
123
2
0
0
0
0
0
0
0
0
0
0
0
0
65
239
274
382
575
640
490
213
72
47
26
1
0
0
0
0
0
0
0
0
0
0
0
0
94
255
422
561
656
695
679
599
472
301
129
0
0
0
0
0
0
0
0
0
0
0
0
0
83
249
409
319
637
658
555
414
128
52
21
0
0
0
0
0
0
0
0
0
0
0
0
0
85
242
403
460
637
652
643
391
427
284
109
0
0
0
0
0
0
0
0
0
0
0
0
0
74
235
410
549
662
610
596
534
426
289
108
0
0
0
0
0
0
0
0
0
0
0
0
0
76
236
384
524
588
664
596
546
343
272
94
0
0
0
0
0
0
0
0
0
0
0
0
0
32
229
377
466
594
658
578
488
326
205
101
0
0
0
0
0
0
0
0
0
0
0
0
0
33
107
175
467
111
109
112
92
176
112
36
0
0
0
0
0
0
0
0
0
0
0
0
0
0
85
101
90
124
151
165
103
165
92
47
0
0
0
0
0
0
0
0
0
0
0
0
0
0
93
203
499
551
634
631
567
435
264
89
0
0
0
0
0
0
0
0
0
0
0
0
0
0
225
386
461
272
592
365
275
253
243
34
0
0
0
0
0
0
0
0
0
0
0
0
0
0
148
217
211
111
127
200
177
176
101
30
0
0
0
0
0
0
0
0
0
0
0
0
0
0
86
88
128
142
103
212
160
197
101
55
0
0
0
0
0
0
0
0
0
0
0
0
0
0
205
360
481
576
616
495
297
203
226
40
0
0
0
0
0
0
0
0
0
0
0
0
0
0
214
361
487
595
646
600
537
394
230
64
0
0
0
0
0
0
0
0
0
0
0
0
0
0
207
354
488
589
622
594
525
393
229
59
0
0
0
0
0
0
0
0
0
0
0
0
0
0
200
355
481
564
603
577
519
393
223
57
0
0
0
0
0
0
0
0
0
0
0
0
0
0
105
150
77
93
97
541
508
381
217
49
0
0
0
0
0
0
0
0
0
0
0
0
0
0
178
335
456
533
579
564
502
386
216
45
0
0
0
0
0
0
0
0
0
0
0
0
0
0
187
199
174
316
320
235
387
255
176
40
0
0
0
0
0
0
0
0
0
0
0
0
0
0
74
82
84
93
151
112
120
179
171
21
0
0
0
0
0
0
0
0
0
0
0
0
0
0
165
323
238
360
368
482
484
352
185
38
0
0
0
0
0
0
0
0
0
0
0
0
0
0
108
55
90
248
97
411
80
92
102
34
0
0
0
0
0
0
0
0
0
0
0
0
0
0
151
221
367
87
241
176
80
130
63
19
0
0
0
0
0
0
0
0
0
0
0
0
0
8
126
318
303
279
163
129
74
318
149
29
0
0
0
0
0
0
0
0
0
0
0
0
0
4
76
325
226
99
416
117
199
226
100
23
0
0
0
0
0
0
0
0
0
0
0
0
0
8
154
312
407
422
332
346
176
151
81
12
0
0
0
0
0
0
0
0
0
0
0
0
0
4
86
188
427
174
519
88
193
193
170
11
0
0
0
0
0
0
0
0
0
0
0
0
0
6
157
306
427
522
555
481
323
327
165
20
0
0
0
0
0
0
0
0
0
0
0
0
0
4
132
293
395
479
531
504
436
316
164
16
0
0
0
0
0
0
0
0
0
0
0
0
0
3
124
280
395
497
495
493
413
171
107
4
0
0
0
0
0
0
0
0
0
0
0
0
0
1
54
56
162
199
205
193
96
96
37
5
0
0
0
0
0
0
0
0
0
0
0
0
0
2
117
287
344
454
477
434
175
96
74
5
0
0
0
0
0
0
0
0
0
0
0
0
0
2
146
281
396
436
477
293
249
64
129
8
0
0
0
0
0
0
0
0
0
0
0
0
0
1
129
268
396
473
501
486
395
277
137
10
0
0
0
0
0
0
0
0
0
0
0
0
0
1
140
282
390
479
519
492
407
276
136
8
0
0
0
0
0
0
0
0
0
0
0
0
0
0
132
198
384
498
398
381
356
228
90
5
0
0
0
0
0
0
0
0
0
0
0
0
0
0
115
255
365
449
495
468
400
265
130
5
0
0
0
0
0
0
0
0
0
0
0
0
0
0
126
256
372
449
495
451
383
254
125
4
0
0
0
0
0
0
0
0
0
0
0
0
0
0
118
243
365
455
489
480
383
264
120
3
0
0
0
0
0
0
0
0
0
0
0
0
0
0
110
229
372
449
495
462
389
243
111
3
0
0
0
0
0
0
0
0
0
0
0
0
0
0
112
251
353
456
459
451
377
100
44
0
0
0
0
0
0
0
0
0
0
0
0
0
0
0
41
122
157
131
157
146
135
184
87
0
0
0
0
0
0
0
0
0
0
0
0
0
0
0
84
231
367
400
399
357
320
221
96
0
0
0
0
0
0
0
0
0
0
0
0
0
0
0
96
232
348
444
453
450
354
257
112
0
0
0
0
0
0
0
0
0
0
0
0
0
0
0
98
240
335
413
459
427
365
246
103
0
0
0
0
0
0
0
0
0
0
0
0
0
0
0
100
226
335
438
483
421
348
220
60
0
0
0
0
0
0
0
0
0
0
0
0
0
0
0
91
226
349
407
447
427
342
245
102
0
0
0
0
0
0
0
0
0
0
0
0
0
0
0
70
66
329
413
459
427
348
245
97
0
0
0
0
0
0
0
0
0
0
0
0
0
0
0
84
228
336
420
447
433
348
229
97
0
0
0
0
0
0
0
0
0
0
0
0
0
0
0
12
81
59
125
417
70
62
208
42
0
0
0
0
0
0
0
0
0
0
0
0
0
0
0
38
52
93
144
151
140
118
88
46
0
0
0
0
0
0
0
0
0
0
0
0
0
0
0
26
223
344
426
460
438
358
239
95
0
0
0
0
0
0
0
0
0
0
0
0
0
0
0
80
209
298
414
423
392
330
228
86
0
0
0
0
0
0
0
0
0
0
0
0
0
0
0
55
195
126
345
73
70
56
176
41
0
0
0
0
0
0
0
0
0
0
0
0
0
0
0
14
113
93
377
424
409
325
217
90
0
0
0
0
0
0
0
0
0
0
0
0
0
0
0
59
189
259
258
412
392
341
212
32
0
0
0
0
0
0
0
0
0
0
0
0
0
0
0
0
190
306
390
236
199
313
150
57
0
0
0
0
0
0
0
0
0
0
0
0
0
0
0
0
30
147
201
351
415
319
217
84
0
0
0
0
0
0
0
0
0
0
0
0
0
0
0
0
191
300
384
412
380
313
206
44
0
0
0
0
0
0
0
0
0
0
0
0
0
0
0
0
184
307
391
406
386
291
216
72
0
0
0
0
0
0
0
0
0
0
0
0
0
0
0
0
177
301
384
418
398
319
216
80
0
0
0
0
0
0
0
0
0
0
0
0
0
0
0
0
187
309
397
430
409
335
221
83
0
0
0
0
0
0
0
0
0
0
0
0
0
0
0
0
187
215
391
431
409
263
221
83
0
0
0
0
0
0
0
0
0
0
0
0
0
0
0
0
188
303
385
425
404
279
149
63
0
0
0
0
0
0
0
0
0
0
0
0
0
0
0
0
158
283
386
425
287
218
216
79
0
0
0
0
0
0
0
0
0
0
0
0
0
0
0
0
182
297
386
419
404
279
144
39
0
0
0
0
0
0
0
0
0
0
0
0
0
0
0
0
56
88
89
67
64
112
144
63
0
0
0
0
0
0
0
0
0
0
0
0
0
0
0
0
32
47
95
109
64
56
51
59
0
0
0
0
0
0
0
0
0
0
0
0
0
0
0
0
161
183
203
213
363
274
216
75
0
0
0
0
0
0
0
0
0
0
0
0
0
0
0
0
169
292
374
413
398
257
72
63
0
0
0
0
0
0
0
0
0
0
0
0
0
0
0
0
97
48
140
67
64
101
36
47
0
0
0
0
0
0
0
0
0
0
0
0
0
0
0
0
33
48
63
67
64
56
62
47
0
0
0
0
0
0
0
0
0
0
0
0
0
0
0
0
164
163
121
85
64
106
216
71
0
0
0
0
0
0
0
0
0
0
0
0
0
0
0
0
164
252
368
268
223
213
175
79
0
0
0
0
0
0
0
0
0
0
0
0
0
0
0
0
157
280
369
408
393
325
216
79
0
0
0
0
0
0
0
0
0
0
0
0
0
0
0
0
157
280
363
408
393
325
216
79
0
0
0
0
0
0
0
0
0
0
0
0
0
0
0
0
158
273
363
402
241
308
186
80
0
0
0
0
0
0
0
0
0
0
0
0
0
0
0
0
159
274
363
402
393
325
217
80
0
0
0
0
0
0
0
0
0
0
0
0
0
0
0
10
151
274
242
402
153
73
83
44
0
0
0
0
0
0
0
0
0
0
0
0
0
0
0
10
152
261
338
396
341
320
217
84
0
0
0
0
0
0
0
0
0
0
0
0
0
0
0
4
68
76
159
201
323
191
103
77
0
0
0
0
0
0
0
0
0
0
0
0
0
0
0
9
153
124
70
372
394
275
217
85
0
0
0
0
0
0
0
0
0
0
0
0
0
0
0
6
102
193
217
317
317
303
202
57
0
0
0
0
0
0
0
0
0
0
0
0
0
0
0
8
145
268
358
403
394
331
223
86
0
0
0
0
0
0
0
0
0
0
0
0
0
0
0
7
145
269
351
403
394
332
218
86
0
0
0
0
0
0
0
0
0
0
0
0
0
0
0
3
60
110
115
141
94
101
94
54
0
0
0
0
0
0
0
0
0
0
0
0
0
0
0
6
129
214
326
391
377
321
115
87
0
0
0
0
0
0
0
0
0
0
0
0
0
0
0
4
86
193
230
214
206
203
151
46
0
0
0
0
0
0
0
0
0
0
0
0
0
0
0
3
69
97
262
86
212
220
110
84
0
0
0
0
0
0
0
0
0
0
0
0
0
0
0
6
147
269
358
404
401
338
230
97
0
0
0
0
0
0
0
0
0
0
0
0
0
0
0
1
26
55
64
67
65
56
63
25
0
0
0
0
0
0
0
0
0
0
0
0
0
0
0
6
147
145
358
410
401
344
236
102
0
0
0
0
0
0
0
0
