1	10.3
2	10.2
3	10
4	10
5	9.9
6	9.9
7	9.8
8	9.9
9	10
10	10.9
11	11.4
12	11.9
13	12.2
14	12
15	12
16	12
17	11.5
18	11
19	10.8
20	10.8
21	10.9
22	10.7
23	10.6
24	10.4
25	10.3
26	10.2
27	10
28	10
29	9.9
30	9.9
31	9.7
32	9.8
33	10
34	10.8
35	11.3
36	11.9
37	12.1
38	12
39	12
40	11.9
41	11.5
42	11.1
43	10.9
44	10.8
45	10.9
46	10.8
47	10.7
48	10.5
49	10.5
50	10.3
51	10.2
52	10.1
53	10
54	10
55	9.8
56	9.9
57	10.1
58	10.9
59	11.5
60	12.1
61	12.2
62	12.2
63	12.2
64	12.2
65	11.7
66	11.2
67	11
68	11.1
69	11.1
70	11
71	10.9
72	10.7
73	10.6
74	10.6
75	10.3
76	10.3
77	10.2
78	10.2
79	10
80	10.1
81	10.2
82	11
83	11.6
84	12.2
85	12.3
86	12.3
87	12.3
88	12.3
89	11.8
90	11.4
91	11.1
92	11.1
93	11.1
94	11
95	11
96	10.7
97	10.6
98	10.5
99	10.2
100	10.2
101	10.1
102	10.1
103	9.9
104	10
105	10.2
106	11
107	11.6
108	12.1
109	12.3
110	12.3
111	12.3
112	12.3
113	11.9
114	11.4
115	11.1
116	11.2
117	11.2
118	11.1
119	11
120	10.7
121	10.6
122	10.5
123	10.2
124	10.2
125	10.2
126	10.2
127	10
128	10.1
129	10.3
130	11
131	11.7
132	12.1
133	12.3
134	12.3
135	12.3
136	12.3
137	11.9
138	11.5
139	11.2
140	11.3
141	11.3
142	11.3
143	11
144	10.8
145	10.7
146	10.6
147	10.3
148	10.3
149	10.3
150	10.3
151	10.2
152	10.2
153	10.4
154	11.2
155	11.8
156	12.1
157	12.3
158	12.3
159	12.3
160	12.4
161	12.1
162	11.5
163	11.3
164	11.4
165	11.3
166	11.4
167	11
168	10.8
169	10.7
170	10.6
171	10.3
172	10.2
173	10.2
174	10.2
175	10.1
176	10.1
177	10.4
178	11.1
179	11.7
180	12.1
181	12.3
182	12.4
183	12.4
184	12.4
185	12.1
186	11.6
187	11.3
188	11.4
189	11.3
190	11.4
191	11.1
192	10.8
193	10.6
194	10.5
195	10.3
196	10.2
197	10.1
198	10.2
199	10
200	10.1
201	10.4
202	11.2
203	11.8
204	12.2
205	12.3
206	12.5
207	12.5
208	12.5
209	12.2
210	11.7
211	11.4
212	11.4
213	11.4
214	11.5
215	11.2
216	10.9
217	10.7
218	10.6
219	10.3
220	10.3
221	10.2
222	10.1
223	10.1
224	10.1
225	10.4
226	11.2
227	11.8
228	12.2
229	12.4
230	12.5
231	12.5
232	12.4
233	12.3
234	11.7
235	11.4
236	11.5
237	11.4
238	11.5
239	11.3
240	11
241	10.8
242	10.7
243	10.4
244	10.3
245	10.3
246	10.2
247	10.2
248	10.2
249	10.4
250	11.2
251	11.9
252	12.3
253	12.4
254	12.6
255	12.5
256	12.3
257	12.2
258	11.7
259	11.4
260	11.4
261	11.4
262	11.5
263	11.2
264	11
265	10.7
266	10.6
267	10.3
268	10.3
269	10.3
270	10.2
271	10.2
272	10.2
273	10.4
274	11.2
275	11.8
276	12.2
277	12.4
278	12.6
279	12.5
280	12.3
281	12.1
282	11.5
283	11.3
284	11.3
285	11.3
286	11.4
287	11.1
288	10.8
289	10.6
290	10.5
291	10.3
292	10.3
293	10.3
294	10.2
295	10.2
296	10.2
297	10.4
298	11.3
299	11.8
300	12.1
301	12.4
302	12.5
303	12.4
304	12.2
305	12
306	11.4
307	11.2
308	11.3
309	11.2
310	11.3
311	11.1
312	10.8
313	10.6
314	10.5
315	10.4
316	10.3
317	10.4
318	10.2
319	10.2
320	10.2
321	10.5
322	11.3
323	11.9
324	12.2
325	12.4
326	12.6
327	12.5
328	12.3
329	12.1
330	11.5
331	11.3
332	11.4
333	11.5
334	11.6
335	11.4
336	10.9
337	10.7
338	10.7
339	10.6
340	10.3
341	10.4
342	10.3
343	10.3
344	10.3
345	10.6
346	11.3
347	11.9
348	12.3
349	12.4
350	12.6
351	12.6
352	12.4
353	12.1
354	11.6
355	11.5
356	11.5
357	11.6
358	11.6
359	11.4
360	11
361	10.8
362	10.7
363	10.6
364	10.4
365	10.4
366	10.2
367	10.3
368	10.3
369	10.6
370	11.4
371	12
372	12.3
373	12.4
374	12.6
375	12.6
376	12.4
377	12.2
378	11.6
379	11.5
380	11.6
381	11.7
382	11.8
383	11.5
384	11
385	10.8
386	10.7
387	10.7
388	10.5
389	10.4
390	10.2
391	10.3
392	10.4
393	10.7
394	11.5
395	12.1
396	12.3
397	12.4
398	12.7
399	12.6
400	12.4
401	12.2
402	11.6
403	11.4
404	11.5
405	11.6
406	11.6
407	11.5
408	11
409	10.7
410	10.6
411	10.7
412	10.5
413	10.4
414	10.3
415	10.3
416	10.4
417	10.8
418	11.6
419	12.1
420	12.3
421	12.4
422	12.7
423	12.6
424	12.3
425	12.2
426	11.6
427	11.4
428	11.4
429	11.4
430	11.5
431	11.3
432	10.9
433	10.6
434	10.5
435	10.6
436	10.2
437	10.3
438	10.1
439	10.2
440	10.3
441	10.6
442	11.4
443	11.9
444	12.3
445	12.4
446	12.7
447	12.6
448	12.3
449	12.3
450	11.7
451	11.5
452	11.4
453	11.5
454	11.5
455	11.3
456	10.9
457	10.7
458	10.7
459	10.7
460	10.4
461	10.4
462	10.2
463	10.3
464	10.4
465	10.7
466	11.5
467	11.9
468	12.3
469	12.4
470	12.8
471	12.7
472	12.3
473	12.2
474	11.7
475	11.4
476	11.3
477	11.4
478	11.4
479	11.3
480	10.9
481	10.7
482	10.7
483	10.7
484	10.3
485	10.3
486	10.2
487	10.2
488	10.4
489	10.8
490	11.5
491	11.9
492	12.4
493	12.5
494	12.8
495	12.7
496	12.4
497	12.2
498	11.7
499	11.4
500	11.2
501	11.3
502	11.3
503	11.3
504	10.9
505	10.6
506	10.5
507	10.6
508	10.3
509	10.2
510	10.1
511	10.2
512	10.4
513	10.7
514	11.5
515	11.8
516	12.3
517	12.5
518	12.8
519	12.7
520	12.3
521	12.2
522	11.7
523	11.4
524	11.2
525	11.3
526	11.2
527	11.3
528	10.9
529	10.7
530	10.6
531	10.6
532	10.3
533	10.3
534	10.2
535	10.3
536	10.5
537	10.8
538	11.6
539	11.9
540	12.4
541	12.6
542	12.8
543	12.7
544	12.4
545	12.2
546	11.8
547	11.5
548	11.3
549	11.3
550	11.3
551	11.4
552	11
553	10.8
554	10.6
555	10.6
556	10.3
557	10.3
558	10.2
559	10.4
560	10.5
561	10.8
562	11.5
563	11.8
564	12.4
565	12.6
566	12.8
567	12.7
568	12.5
569	12.2
570	11.8
571	11.4
572	11.4
573	11.3
574	11.3
575	11.4
576	10.9
577	10.7
578	10.5
579	10.6
580	10.3
581	10.4
582	10.2
583	10.3
584	10.4
585	10.7
586	11.4
587	11.7
588	12.3
589	12.5
590	12.7
591	12.6
592	12.5
593	12.1
594	11.8
595	11.4
596	11.3
597	11.2
598	11.2
599	11.2
600	10.8
601	10.5
602	10.3
603	10.4
604	10.1
605	10.2
606	10
607	10.1
608	10.3
609	10.6
610	11.2
611	11.6
612	12.2
613	12.4
614	12.6
615	12.5
616	12.5
617	12.1
618	11.7
619	11.3
620	11.3
621	11.2
622	11.1
623	11.2
624	10.7
625	10.5
626	10.3
627	10.3
628	10.1
629	10.2
630	10
631	10.2
632	10.3
633	10.6
634	11.1
635	11.6
636	12.2
637	12.4
638	12.6
639	12.6
640	12.6
641	12.2
642	11.8
643	11.4
644	11.3
645	11.2
646	11.2
647	11.2
648	10.9
649	10.6
650	10.4
651	10.4
652	10.2
653	10.2
654	10.1
655	10.2
656	10.4
657	10.6
658	11.2
659	11.7
660	12.3
661	12.4
662	12.7
663	12.6
664	12.5
665	12.2
666	11.8
667	11.3
668	11.3
669	11.1
670	11.1
671	11.1
672	10.8
673	10.5
674	10.3
675	10.3
676	10.1
677	10.2
678	10
679	10.2
680	10.4
681	10.6
682	11.2
683	11.6
684	12.3
685	12.5
686	12.7
687	12.7
688	12.6
689	12.2
690	11.8
691	11.3
692	11.2
693	11
694	11
695	10.9
696	10.7
697	10.4
698	10.3
699	10.2
700	10.1
701	10.2
702	10
703	10.1
704	10.4
705	10.6
706	11.1
707	11.6
708	12.3
709	12.5
710	12.6
711	12.6
712	12.5
713	12.2
714	11.8
715	11.3
716	11.1
717	10.9
718	10.8
719	10.8
720	10.7
721	10.3
722	10.2
723	10.2
724	10
725	10.1
726	10
727	10.1
728	10.2
729	10.5
730	11
731	11.5
732	12.1
733	12.3
734	12.5
735	12.5
736	12.4
737	12.1
738	11.7
739	11.2
740	11
741	10.8
742	10.7
743	10.7
744	10.5
745	10.2
746	10.1
747	10
748	9.8
749	10
750	9.9
751	10
752	10.2
753	10.4
754	11.1
755	11.5
756	12.1
757	12.3
758	12.5
759	12.5
760	12.5
761	12.2
762	11.8
763	11.2
764	11
765	10.8
766	10.8
767	10.6
768	10.6
769	10.2
770	10.1
771	10
772	9.8
773	10
774	9.8
775	10
776	10.1
777	10.3
778	10.9
779	11.3
780	11.9
781	12.1
782	12.3
783	12.4
784	12.4
785	12.2
786	11.7
787	11.1
788	10.8
789	10.8
790	10.7
791	10.6
792	10.5
793	10.2
794	10.1
795	10
796	9.8
797	10
798	9.8
799	10
800	10
801	10.3
802	11
803	11.5
804	11.9
805	12.2
806	12.3
807	12.3
808	12.4
809	12.1
810	11.7
811	11
812	10.8
813	10.8
814	10.7
815	10.6
816	10.4
817	10.1
818	10
819	9.9
820	9.8
821	9.9
822	9.7
823	9.9
824	10
825	10.3
826	10.9
827	11.5
828	12
829	12.2
830	12.3
831	12.4
832	12.4
833	12.2
834	11.7
835	11.2
836	11
837	11
838	10.8
839	10.7
840	10.5
841	10.2
842	10.1
843	9.9
844	9.8
845	9.9
846	9.7
847	10
848	10
849	10.3
850	11
851	11.6
852	12.1
853	12.2
854	12.4
855	12.4
856	12.5
857	12.3
858	11.8
859	11.2
860	11
861	11
862	10.8
863	10.7
864	10.5
865	10.2
866	10.1
867	9.9
868	9.9
869	9.9
870	9.7
871	9.9
872	9.8
873	10.2
874	11
875	11.7
876	12.1
877	12.3
878	12.6
879	12.5
880	12.6
881	12.4
882	11.8
883	11.2
884	11
885	11
886	10.8
887	10.6
888	10.3
889	10
890	10
891	9.8
892	9.7
893	9.8
894	9.6
895	9.7
896	9.8
897	10.2
898	11
899	11.7
900	12.1
901	12.4
902	12.7
903	12.6
904	12.7
905	12.5
906	11.9
907	11.3
908	11
909	11.1
910	10.9
911	10.5
912	10.3
913	10.1
914	10
915	9.8
916	9.8
917	9.7
918	9.6
919	9.7
920	9.8
921	10.2
922	11
923	11.8
924	12.1
925	12.4
926	12.7
927	12.6
928	12.7
929	12.5
930	11.9
931	11.3
932	10.9
933	11.1
934	10.8
935	10.5
936	10.3
937	10
938	10
939	9.7
940	9.8
941	9.7
942	9.6
943	9.7
944	9.8
945	10.3
946	11.2
947	11.9
948	12.2
949	12.4
950	12.8
951	12.8
952	12.8
953	12.7
954	12
955	11.4
956	10.9
957	11.1
958	10.9
959	10.6
960	10.4
961	10.2
962	10
963	9.8
964	9.9
965	9.8
966	9.7
967	9.8
968	9.9
969	10.4
970	11.3
971	12
972	12.3
973	12.5
974	12.9
975	12.9
976	13
977	12.9
978	12.2
979	11.5
980	11
981	11.2
982	11
983	10.7
984	10.5
985	10.2
986	10.1
987	9.9
988	9.9
989	9.9
990	9.8
991	9.9
992	10
993	10.4
994	11.4
995	12.1
996	12.4
997	12.5
998	12.8
999	12.8
1000	12.9
1001	12.9
1002	12.1
1003	11.5
1004	11
1005	11.1
1006	10.9
1007	10.6
1008	10.4
1009	10.2
1010	10
1011	9.7
1012	9.8
1013	9.8
1014	9.7
1015	9.8
1016	9.8
1017	10.4
1018	11.3
1019	12.1
1020	12.3
1021	12.6
1022	12.9
1023	12.9
1024	13
1025	13
1026	12.2
1027	11.5
1028	10.9
1029	11.1
1030	10.8
1031	10.5
1032	10.3
1033	10.1
1034	9.9
1035	9.6
1036	9.7
1037	9.7
1038	9.6
1039	9.6
1040	9.7
1041	10.2
1042	11.2
1043	12
1044	12.2
1045	12.4
1046	12.8
1047	12.8
1048	13
1049	12.9
1050	12.1
1051	11.4
1052	10.9
1053	11
1054	10.8
1055	10.5
1056	10.3
1057	10.1
1058	9.8
1059	9.7
1060	9.7
1061	9.7
1062	9.5
1063	9.6
1064	9.6
1065	10.2
1066	11.2
1067	12
1068	12.2
1069	12.3
1070	12.9
1071	12.8
1072	13
1073	12.9
1074	12.1
1075	11.4
1076	10.8
1077	11.1
1078	10.9
1079	10.4
1080	10.3
1081	10.1
1082	9.7
1083	9.7
1084	9.7
1085	9.6
1086	9.5
1087	9.6
1088	9.6
1089	10.2
1090	11.2
1091	12
1092	12.3
1093	12.4
1094	12.9
1095	12.8
1096	13
1097	13
1098	12.2
1099	11.6
1100	10.9
1101	11.1
1102	11
1103	10.5
1104	10.3
1105	10.1
1106	9.8
1107	9.6
1108	9.7
1109	9.6
1110	9.5
1111	9.5
1112	9.6
1113	10.1
1114	11.1
1115	11.9
1116	12.2
1117	12.3
1118	12.7
1119	12.6
1120	12.8
1121	13
1122	12.3
1123	11.7
1124	11
1125	11.1
1126	10.9
1127	10.5
1128	10.3
1129	10.1
1130	9.8
1131	9.7
1132	9.7
1133	9.6
1134	9.5
1135	9.5
1136	9.7
1137	10.3
1138	11.3
1139	12.2
1140	12.3
1141	12.5
1142	12.8
1143	12.8
1144	13
1145	13.1
1146	12.5
1147	11.8
1148	11
1149	11.1
1150	10.9
1151	10.4
1152	10.3
1153	10.1
1154	9.7
1155	9.6
1156	9.7
1157	9.5
1158	9.5
1159	9.5
1160	9.7
1161	10.2
1162	11.3
1163	12.1
1164	12.3
1165	12.4
1166	12.7
1167	12.8
1168	12.9
1169	13
1170	12.4
1171	11.7
1172	11
1173	11
1174	10.8
1175	10.3
1176	10.3
1177	10
1178	9.7
1179	9.6
1180	9.7
1181	9.6
1182	9.6
1183	9.6
1184	9.7
1185	10.3
1186	11.3
1187	12.1
1188	12.2
1189	12.4
1190	12.7
1191	12.7
1192	12.8
1193	13.1
1194	12.5
1195	11.6
1196	10.8
1197	10.8
1198	10.7
1199	10.3
1200	10.2
1201	9.9
1202	9.6
1203	9.6
1204	9.7
1205	9.7
1206	9.6
1207	9.6
1208	9.8
1209	10.3
1210	11.4
1211	12
1212	12.3
1213	12.4
1214	12.7
1215	12.8
1216	12.8
1217	13
1218	12.4
1219	11.6
1220	10.7
1221	10.7
1222	10.6
1223	10.1
1224	10.1
1225	9.8
1226	9.6
1227	9.6
1228	9.6
1229	9.8
1230	9.7
1231	9.7
1232	9.9
1233	10.4
1234	11.4
1235	12.1
1236	12.3
1237	12.3
1238	12.7
1239	12.7
1240	12.8
1241	13.1
1242	12.4
1243	11.6
1244	10.8
1245	10.7
1246	10.6
1247	10.2
1248	10.3
1249	10
1250	9.8
1251	9.7
1252	9.8
1253	9.9
1254	9.8
1255	9.8
1256	9.9
1257	10.5
1258	11.4
1259	12.1
1260	12.2
1261	12.3
1262	12.6
1263	12.7
1264	12.8
1265	13.1
1266	12.4
1267	11.5
1268	10.7
1269	10.6
1270	10.5
1271	10.2
1272	10.2
1273	9.9
1274	9.7
1275	9.6
1276	9.7
1277	9.8
1278	9.7
1279	9.7
1280	9.9
1281	10.6
1282	11.5
1283	12
1284	12.3
1285	12.3
1286	12.7
1287	12.8
1288	12.8
1289	13.1
1290	12.3
1291	11.5
1292	10.7
1293	10.5
1294	10.5
1295	10.2
1296	10.3
1297	9.9
1298	9.8
1299	9.6
1300	9.7
1301	9.8
1302	9.7
1303	9.7
1304	9.9
1305	10.5
1306	11.4
1307	11.9
1308	12.3
1309	12.3
1310	12.6
1311	12.7
1312	12.7
1313	13
1314	12.4
1315	11.5
1316	10.7
1317	10.5
1318	10.5
1319	10.1
1320	10.2
1321	9.8
1322	9.7
1323	9.6
1324	9.6
1325	9.7
1326	9.6
1327	9.6
1328	9.8
1329	10.4
1330	11.3
1331	11.8
1332	12.2
1333	12.3
1334	12.6
1335	12.7
1336	12.7
1337	13
1338	12.3
1339	11.5
1340	10.7
1341	10.6
1342	10.4
1343	10.1
1344	10.2
1345	9.8
1346	9.7
1347	9.6
1348	9.5
1349	9.7
1350	9.6
1351	9.6
1352	9.7
1353	10.4
1354	11.3
1355	11.7
1356	12.2
1357	12.3
1358	12.7
1359	12.7
1360	12.8
1361	13
1362	12.5
1363	11.6
1364	10.7
1365	10.6
1366	10.4
1367	10.1
1368	10.1
1369	9.8
1370	9.7
1371	9.6
1372	9.5
1373	9.6
1374	9.6
1375	9.6
1376	9.8
1377	10.5
1378	11.3
1379	11.7
1380	12.4
1381	12.4
1382	12.8
1383	12.8
1384	12.9
1385	13.1
1386	12.5
1387	11.7
1388	10.8
1389	10.7
1390	10.6
1391	10.2
1392	10.2
1393	9.9
1394	9.8
1395	9.7
1396	9.7
1397	9.7
1398	9.7
1399	9.7
1400	9.9
1401	10.6
1402	11.4
1403	11.9
1404	12.5
1405	12.5
1406	12.8
1407	12.9
1408	12.9
1409	13.1
1410	12.5
1411	11.6
1412	10.8
1413	10.6
1414	10.4
1415	10.1
1416	10.1
1417	9.8
1418	9.9
1419	9.7
1420	9.6
1421	9.7
1422	9.8
1423	9.8
1424	10
1425	10.8
1426	11.5
1427	12
1428	12.6
1429	12.6
1430	12.9
1431	13.1
1432	13
1433	13.2
1434	12.7
1435	11.8
1436	11
1437	10.7
1438	10.6
1439	10.4
1440	10.3
1441	10
1442	10.1
1443	9.8
1444	9.7
1445	9.8
1446	9.9
1447	9.9
1448	10.1
1449	10.8
1450	11.5
1451	12.1
1452	12.6
1453	12.6
1454	12.9
1455	13.1
1456	13
1457	13.2
1458	12.6
1459	11.7
1460	10.9
1461	10.7
1462	10.5
1463	10.4
1464	10.3
1465	9.9
1466	10
1467	9.8
1468	9.7
1469	9.8
1470	9.9
1471	10
1472	10.1
1473	10.8
1474	11.6
1475	12.2
1476	12.7
1477	12.7
1478	13.1
1479	13.2
1480	13.2
1481	13.4
1482	12.8
1483	11.8
1484	11
1485	10.7
1486	10.6
1487	10.5
1488	10.3
1489	10
1490	10.1
1491	10
1492	9.8
1493	9.9
1494	10
1495	10
1496	10.1
1497	10.9
1498	11.5
1499	12.1
1500	12.8
1501	12.8
1502	13.2
1503	13.2
1504	13.3
1505	13.4
1506	12.9
1507	11.8
1508	11.1
1509	10.8
1510	10.7
1511	10.5
1512	10.2
1513	10
1514	10.2
1515	10
1516	9.8
1517	9.9
1518	9.9
1519	9.9
1520	10
1521	10.9
1522	11.5
1523	12
1524	12.8
1525	12.9
1526	13.2
1527	13.3
1528	13.4
1529	13.4
1530	12.8
1531	11.8
1532	11.1
1533	10.7
1534	10.7
1535	10.6
1536	10.2
1537	9.9
1538	10.2
1539	10
1540	9.8
1541	9.9
1542	9.9
1543	9.9
1544	10
1545	10.9
1546	11.6
1547	12.1
1548	12.9
1549	12.9
1550	13.2
1551	13.4
1552	13.4
1553	13.4
1554	12.8
1555	11.8
1556	11.1
1557	10.7
1558	10.7
1559	10.5
1560	10.2
1561	9.9
1562	10.1
1563	9.9
1564	9.7
1565	9.6
1566	9.7
1567	9.7
1568	9.9
1569	10.8
1570	11.6
1571	12.2
1572	12.9
1573	13
1574	13.3
1575	13.5
1576	13.5
1577	13.5
1578	13
1579	12
1580	11.3
1581	10.8
1582	10.8
1583	10.5
1584	10.2
1585	9.9
1586	10
1587	9.9
1588	9.7
1589	9.6
1590	9.7
1591	9.8
1592	9.9
1593	10.9
1594	11.7
1595	12.3
1596	13
1597	13.1
1598	13.3
1599	13.5
1600	13.5
1601	13.5
1602	13
1603	12
1604	11.3
1605	10.8
1606	10.7
1607	10.5
1608	10.1
1609	9.8
1610	10
1611	9.9
1612	9.7
1613	9.6
1614	9.7
1615	9.8
1616	9.9
1617	11
1618	11.8
1619	12.3
1620	13.1
1621	13.2
1622	13.3
1623	13.6
1624	13.6
1625	13.6
1626	13.2
1627	12.2
1628	11.4
1629	10.8
1630	10.7
1631	10.4
1632	10
1633	9.7
1634	9.9
1635	9.9
1636	9.6
1637	9.6
1638	9.8
1639	9.8
1640	10
1641	11
1642	11.8
1643	12.4
1644	13
1645	13.2
1646	13.3
1647	13.6
1648	13.7
1649	13.7
1650	13.3
1651	12.2
1652	11.4
1653	10.8
1654	10.6
1655	10.3
1656	9.8
1657	9.6
1658	9.9
1659	9.9
1660	9.5
1661	9.6
1662	9.7
1663	9.7
1664	9.9
1665	11
1666	11.8
1667	12.3
1668	12.9
1669	13.1
1670	13.3
1671	13.5
1672	13.6
1673	13.5
1674	13.2
1675	12.2
1676	11.4
1677	10.8
1678	10.6
1679	10.4
1680	10
1681	9.7
1682	10
1683	10
1684	9.7
1685	9.7
1686	9.8
1687	9.8
1688	10.1
1689	11.1
1690	11.9
1691	12.4
1692	13
1693	13.1
1694	13.3
1695	13.5
1696	13.6
1697	13.5
1698	13.1
1699	12.2
1700	11.4
1701	10.8
1702	10.6
1703	10.4
1704	10
1705	9.7
1706	10
1707	10
1708	9.7
1709	9.7
1710	9.7
1711	9.7
1712	10.1
1713	11
1714	11.8
1715	12.3
1716	12.9
1717	13.1
1718	13.3
1719	13.6
1720	13.6
1721	13.5
1722	13.1
1723	12.3
1724	11.4
1725	10.8
1726	10.6
1727	10.4
1728	10
1729	9.7
1730	9.9
1731	10
1732	9.8
1733	9.8
1734	9.9
1735	10.2
1736	11.2
1737	12
1738	12.5
1739	13
1740	13.2
1741	13.4
1742	13.6
1743	13.7
1744	13.7
1745	13.2
1746	12.3
1747	11.4
1748	10.7
1749	10.6
1750	10.4
1751	10
1752	9.7
1753	9.9
1754	9.9
1755	9.7
1756	9.8
1757	9.8
1758	9.9
1759	10.1
1760	11.2
1761	12
1762	12.5
1763	13
1764	13.2
1765	13.4
1766	13.6
1767	13.7
1768	13.7
1769	13.3
1770	12.3
1771	11.3
1772	10.7
1773	10.5
1774	10.3
1775	10
1776	9.7
1777	9.9
1778	9.9
1779	9.7
1780	9.7
1781	9.7
1782	9.7
1783	10
1784	11.1
1785	12
1786	12.4
1787	12.9
1788	13.2
1789	13.2
1790	13.4
1791	13.6
1792	13.7
1793	13.3
1794	12.2
1795	11.2
1796	10.6
1797	10.4
1798	10.1
1799	9.9
1800	9.5
1801	9.7
1802	9.7
1803	9.6
1804	9.5
1805	9.5
1806	9.5
1807	9.8
1808	11.1
1809	11.8
1810	12.3
1811	12.8
1812	13.2
1813	13.2
1814	13.5
1815	13.7
1816	13.7
1817	13.3
1818	12.2
1819	11.2
1820	10.6
1821	10.5
1822	10.1
1823	9.8
1824	9.6
1825	9.7
1826	9.7
1827	9.6
1828	9.5
1829	9.5
1830	9.5
1831	9.9
1832	11.2
1833	12
1834	12.4
1835	13
1836	13.3
1837	13.4
1838	13.7
1839	13.9
1840	13.7
1841	13.3
1842	12.3
1843	11.2
1844	10.7
1845	10.6
1846	10.2
1847	9.9
1848	9.6
1849	9.7
1850	9.5
1851	9.6
1852	9.5
1853	9.5
1854	9.5
1855	9.9
1856	11.2
1857	12
1858	12.5
1859	12.9
1860	13.3
1861	13.3
1862	13.6
1863	13.8
1864	13.8
1865	13.2
1866	12.4
1867	11.3
1868	10.8
1869	10.6
1870	10.2
1871	10
1872	9.6
1873	9.7
1874	9.5
1875	9.6
1876	9.4
1877	9.5
1878	9.5
1879	9.9
1880	11.2
1881	11.9
1882	12.4
1883	12.8
1884	13.1
1885	13.3
1886	13.5
1887	13.7
1888	13.7
1889	13.2
1890	12.4
1891	11.2
1892	10.7
1893	10.5
1894	10.1
1895	10
1896	9.7
1897	9.7
1898	9.5
1899	9.6
1900	9.5
1901	9.4
1902	9.5
1903	9.9
1904	11.2
1905	11.9
1906	12.4
1907	12.9
1908	13.2
1909	13.4
1910	13.6
1911	13.7
1912	13.7
1913	13.2
1914	12.4
1915	11.2
1916	10.7
1917	10.5
1918	10.1
1919	10.1
1920	9.7
1921	9.8
1922	9.5
1923	9.6
1924	9.5
1925	9.4
1926	9.5
1927	9.9
1928	11.2
1929	11.8
1930	12.3
1931	12.8
1932	13
1933	13.2
1934	13.5
1935	13.7
1936	13.6
1937	13.1
1938	12.3
1939	11.1
1940	10.7
1941	10.5
1942	10.1
1943	10
1944	9.6
1945	9.7
1946	9.5
1947	9.6
1948	9.5
1949	9.3
1950	9.4
1951	9.9
1952	11.1
1953	11.8
1954	12.1
1955	12.7
1956	12.9
1957	13.2
1958	13.3
1959	13.6
1960	13.6
1961	13.1
1962	12.3
1963	11
1964	10.6
1965	10.4
1966	10
1967	10
1968	9.7
1969	9.7
1970	9.5
1971	9.5
1972	9.4
1973	9.4
1974	9.4
1975	9.9
1976	11.1
1977	11.7
1978	12.1
1979	12.7
1980	12.9
1981	13.2
1982	13.4
1983	13.6
1984	13.6
1985	13.1
1986	12.3
1987	11
1988	10.7
1989	10.6
1990	10.2
1991	10.2
1992	9.8
1993	9.8
1994	9.6
1995	9.6
1996	9.5
1997	9.4
1998	9.5
1999	9.9
2000	11.1
2001	11.7
2002	12.1
2003	12.8
2004	12.9
2005	13.2
2006	13.4
2007	13.6
2008	13.7
2009	13.1
2010	12.3
2011	10.9
2012	10.7
2013	10.6
2014	10.2
2015	10.3
2016	9.9
2017	9.8
2018	9.6
2019	9.6
2020	9.5
2021	9.3
2022	9.5
2023	10
2024	11.2
2025	11.8
2026	12.2
2027	12.9
2028	13.1
2029	13.3
2030	13.5
2031	13.8
2032	13.9
2033	13.2
2034	12.3
2035	11
2036	10.7
2037	10.7
2038	10.3
2039	10.2
2040	9.9
2041	9.9
2042	9.6
2043	9.6
2044	9.5
2045	9.3
2046	9.5
2047	10
2048	11.3
2049	11.9
2050	12.4
2051	13
2052	13.2
2053	13.4
2054	13.7
2055	13.9
2056	14
2057	13.3
2058	12.4
2059	11.1
2060	10.8
2061	10.8
2062	10.3
2063	10.3
2064	10
2065	9.9
2066	9.6
2067	9.6
2068	9.5
2069	9.4
2070	9.6
2071	10.1
2072	11.4
2073	12
2074	12.6
2075	13.1
2076	13.3
2077	13.5
2078	13.8
2079	13.9
2080	14.1
2081	13.4
2082	12.4
2083	11.1
2084	10.7
2085	10.7
2086	10.3
2087	10.2
2088	10
2089	9.8
2090	9.5
2091	9.5
2092	9.4
2093	9.2
2094	9.4
2095	10
2096	11.3
2097	11.9
2098	12.6
2099	13.1
2100	13.3
2101	13.4
2102	13.9
2103	14
2104	14.2
2105	13.4
2106	12.6
2107	11.2
2108	10.9
2109	10.9
2110	10.4
2111	10.4
2112	10
2113	9.9
2114	9.7
2115	9.6
2116	9.5
2117	9.3
2118	9.5
2119	10.2
2120	11.5
2121	12.1
2122	12.8
2123	13.2
2124	13.4
2125	13.6
2126	14
2127	14.2
2128	14.4
2129	13.6
2130	12.7
2131	11.4
2132	11
2133	11
2134	10.4
2135	10.3
2136	10
2137	9.9
2138	9.7
2139	9.6
2140	9.5
2141	9.4
2142	9.6
2143	10.3
2144	11.6
2145	12.3
2146	13
2147	13.3
2148	13.6
2149	13.8
2150	14.2
2151	14.5
2152	14.5
2153	13.8
2154	12.9
2155	11.5
2156	11.1
2157	11.1
2158	10.4
2159	10.5
2160	10.1
2161	10
2162	9.7
2163	9.6
2164	9.6
2165	9.4
2166	9.7
2167	10.5
2168	11.7
2169	12.5
2170	13.1
2171	13.5
2172	13.7
2173	13.9
2174	14.3
2175	14.5
2176	14.5
2177	13.7
2178	12.8
2179	11.4
2180	11
2181	10.8
2182	10.3
2183	10.3
2184	10
2185	10
2186	9.7
2187	9.6
2188	9.5
2189	9.4
2190	9.7
2191	10.5
2192	11.6
2193	12.3
2194	13
2195	13.4
2196	13.5
2197	13.7
2198	14
2199	14.1
2200	14.3
2201	13.5
2202	12.6
2203	11.2
2204	10.8
2205	10.6
2206	10
2207	10
2208	9.8
2209	9.8
2210	9.6
2211	9.5
2212	9.5
2213	9.3
2214	9.6
2215	10.5
2216	11.7
2217	12.4
2218	13
2219	13.4
2220	13.4
2221	13.7
2222	14.1
2223	14.2
2224	14.3
2225	13.5
2226	12.7
2227	11.2
2228	10.7
2229	10.6
2230	10
2231	10
2232	9.8
2233	9.7
2234	9.6
2235	9.4
2236	9.5
2237	9.3
2238	9.6
2239	10.6
2240	11.8
2241	12.5
2242	13.2
2243	13.5
2244	13.5
2245	13.8
2246	14.2
2247	14.3
2248	14.4
2249	13.6
2250	12.7
2251	11.3
2252	10.9
2253	10.6
2254	10.1
2255	10.1
2256	9.9
2257	9.8
2258	9.6
2259	9.5
2260	9.5
2261	9.3
2262	9.7
2263	10.6
2264	11.8
2265	12.6
2266	13.2
2267	13.4
2268	13.5
2269	13.7
2270	14.2
2271	14.3
2272	14.5
2273	13.6
2274	12.7
2275	11.4
2276	11
2277	10.7
2278	10.1
2279	9.9
2280	9.8
2281	9.7
2282	9.6
2283	9.5
2284	9.6
2285	9.4
2286	9.7
2287	10.7
2288	11.9
2289	12.7
2290	13.4
2291	13.4
2292	13.6
2293	13.8
2294	14.3
2295	14.4
2296	14.4
2297	13.6
2298	12.8
2299	11.4
2300	10.9
2301	10.6
2302	10.2
2303	10
2304	9.9
2305	9.7
2306	9.6
2307	9.5
2308	9.6
2309	9.4
2310	9.7
2311	10.7
2312	12
2313	12.7
2314	13.5
2315	13.4
2316	13.7
2317	13.8
2318	14.3
2319	14.4
2320	14.4
2321	13.7
2322	12.8
2323	11.3
2324	10.9
2325	10.6
2326	10.1
2327	9.9
2328	9.8
2329	9.6
2330	9.6
2331	9.5
2332	9.6
2333	9.3
2334	9.6
2335	10.6
2336	11.9
2337	12.7
2338	13.4
2339	13.4
2340	13.7
2341	13.8
2342	14.3
2343	14.3
2344	14.3
2345	13.6
2346	12.6
2347	11.3
2348	10.8
2349	10.5
2350	10
2351	9.9
2352	9.7
2353	9.6
2354	9.5
2355	9.5
2356	9.6
2357	9.3
2358	9.5
2359	10.8
2360	12
2361	12.8
2362	13.6
2363	13.5
2364	13.8
2365	13.9
2366	14.4
2367	14.4
2368	14.3
2369	13.6
2370	12.7
2371	11.5
2372	11
2373	10.7
2374	10.1
2375	10
2376	9.9
2377	9.7
2378	9.7
2379	9.6
2380	9.7
2381	9.5
2382	9.6
2383	10.8
2384	12.1
2385	12.9
2386	13.6
2387	13.5
2388	13.7
2389	13.9
2390	14.4
2391	14.4
2392	14.3
2393	13.5
2394	12.7
2395	11.4
2396	10.8
2397	10.5
2398	9.9
2399	9.8
2400	9.6
2401	9.4
2402	9.4
2403	9.5
2404	9.5
2405	9.3
2406	9.5
2407	10.7
2408	11.9
2409	12.9
2410	13.5
2411	13.4
2412	13.7
2413	13.8
2414	14.3
2415	14.3
2416	14.2
2417	13.5
2418	12.6
2419	11.3
2420	10.8
2421	10.4
2422	9.8
2423	9.7
2424	9.4
2425	9.3
2426	9.3
2427	9.3
2428	9.4
2429	9.2
2430	9.4
2431	10.6
2432	11.8
2433	12.7
2434	13.3
2435	13.3
2436	13.5
2437	13.8
2438	14.1
2439	14.2
2440	14.1
2441	13.4
2442	12.6
2443	11.3
2444	10.8
2445	10.3
2446	9.8
2447	9.7
2448	9.4
2449	9.3
2450	9.3
2451	9.3
2452	9.4
2453	9.2
2454	9.4
2455	10.6
2456	11.8
2457	12.6
2458	13.2
2459	13.2
2460	13.4
2461	13.7
2462	14
2463	14.1
2464	13.9
2465	13.3
2466	12.4
2467	11.1
2468	10.7
2469	10.2
2470	9.7
2471	9.5
2472	9.3
2473	9.1
2474	9.2
2475	9.1
2476	9.2
2477	9.1
2478	9.3
2479	10.6
2480	11.7
2481	12.5
2482	13.1
2483	13.2
2484	13.5
2485	13.7
2486	13.9
2487	14
2488	13.7
2489	13.2
2490	12.3
2491	11
2492	10.6
2493	10.1
2494	9.6
2495	9.4
2496	9.2
2497	8.9
2498	9
2499	9
2500	9.1
2501	9
2502	9.3
2503	10.5
2504	11.5
2505	12.3
2506	12.9
2507	13
2508	13.3
2509	13.5
2510	13.7
2511	13.7
2512	13.5
2513	13
2514	12.2
2515	10.9
2516	10.5
2517	10
2518	9.6
2519	9.2
2520	9.2
2521	8.9
2522	8.9
2523	9
2524	9.1
2525	9
2526	9.3
2527	10.5
2528	11.6
2529	12.4
2530	12.9
2531	13
2532	13.3
2533	13.6
2534	13.8
2535	13.8
2536	13.7
2537	13.1
2538	12.4
2539	11
2540	10.6
2541	10.1
2542	9.6
2543	9.3
2544	9.2
2545	8.8
2546	8.9
2547	9
2548	9.2
2549	9.1
2550	9.4
2551	10.5
2552	11.7
2553	12.4
2554	13.1
2555	13.1
2556	13.4
2557	13.7
2558	14
2559	14
2560	13.9
2561	13.3
2562	12.6
2563	11.2
2564	10.6
2565	10.2
2566	9.7
2567	9.5
2568	9.4
2569	9
2570	9.1
2571	9.1
2572	9.1
2573	9.1
2574	9.4
2575	10.5
2576	11.7
2577	12.4
2578	13.1
2579	13.1
2580	13.4
2581	13.7
2582	14
2583	13.9
2584	13.8
2585	13.3
2586	12.5
2587	11.2
2588	10.6
2589	10.1
2590	9.6
2591	9.4
2592	9.3
2593	8.9
2594	9
2595	9
2596	9.1
2597	9.1
2598	9.4
2599	10.5
2600	11.6
2601	12.4
2602	13
2603	13
2604	13.4
2605	13.7
2606	13.9
2607	14
2608	13.8
2609	13.4
2610	12.6
2611	11.1
2612	10.6
2613	10
2614	9.5
2615	9.4
2616	9.2
2617	8.8
2618	9
2619	8.9
2620	9.1
2621	9
2622	9.4
2623	10.6
2624	11.7
2625	12.4
2626	13
2627	13.1
2628	13.4
2629	13.7
2630	14
2631	14
2632	13.9
2633	13.4
2634	12.6
2635	11.1
2636	10.4
2637	10
2638	9.4
2639	9.3
2640	9.1
2641	8.7
2642	8.8
2643	8.8
2644	8.9
2645	8.9
2646	9.3
2647	10.5
2648	11.6
2649	12.2
2650	12.8
2651	13
2652	13.3
2653	13.7
2654	14.1
2655	13.9
2656	13.9
2657	13.5
2658	12.7
2659	11.1
2660	10.3
2661	10
2662	9.4
2663	9.2
2664	9
2665	8.7
2666	8.8
2667	8.8
2668	8.9
2669	8.9
2670	9.3
2671	10.6
2672	11.6
2673	12.2
2674	12.9
2675	13
2676	13.3
2677	13.7
2678	14.1
2679	14
2680	13.9
2681	13.5
2682	12.7
2683	11.3
2684	10.4
2685	10
2686	9.5
2687	9.2
2688	9.1
2689	8.8
2690	8.8
2691	8.8
2692	9
2693	9
2694	9.4
2695	10.7
2696	11.7
2697	12.3
2698	12.8
2699	13
2700	13.2
2701	13.6
2702	13.9
2703	14
2704	13.8
2705	13.5
2706	12.6
2707	11.2
2708	10.4
2709	9.9
2710	9.3
2711	9
2712	8.9
2713	8.7
2714	8.7
2715	8.7
2716	8.8
2717	8.8
2718	9.3
2719	10.5
2720	11.6
2721	12.1
2722	12.7
2723	12.9
2724	13.2
2725	13.6
2726	13.9
2727	14
2728	13.8
2729	13.6
2730	12.6
2731	11.1
2732	10.2
2733	9.7
2734	9.1
2735	8.7
2736	8.7
2737	8.4
2738	8.5
2739	8.5
2740	8.6
2741	8.7
2742	9.1
2743	10.4
2744	11.4
2745	12
2746	12.6
2747	12.8
2748	13.1
2749	13.5
2750	13.9
2751	14
2752	13.8
2753	13.6
2754	12.6
2755	11.2
2756	10.2
2757	9.7
2758	9.1
2759	8.7
2760	8.6
2761	8.4
2762	8.6
2763	8.5
2764	8.5
2765	8.7
2766	9.2
2767	10.4
2768	11.5
2769	12
2770	12.5
2771	12.7
2772	13.1
2773	13.5
2774	13.8
2775	13.9
2776	13.7
2777	13.5
2778	12.6
2779	11
2780	10.1
2781	9.6
2782	9
2783	8.6
2784	8.6
2785	8.3
2786	8.5
2787	8.4
2788	8.4
2789	8.6
2790	9.1
2791	10.4
2792	11.4
2793	12
2794	12.5
2795	12.8
2796	13.1
2797	13.5
2798	13.9
2799	14
2800	13.8
2801	13.5
2802	12.6
2803	11.1
2804	10.1
2805	9.7
2806	9.1
2807	8.7
2808	8.6
2809	8.4
2810	8.6
2811	8.4
2812	8.4
2813	8.6
2814	9.1
2815	10.4
2816	11.4
2817	12
2818	12.5
2819	12.8
2820	13.1
2821	13.4
2822	13.9
2823	14
2824	13.8
2825	13.6
2826	12.7
2827	11.2
2828	10.1
2829	9.7
2830	9.1
2831	8.6
2832	8.5
2833	8.4
2834	8.5
2835	8.4
2836	8.3
2837	8.5
2838	9
2839	10.2
2840	11.3
2841	11.8
2842	12.3
2843	12.6
2844	12.9
2845	13.2
2846	13.9
2847	14
2848	13.8
2849	13.5
2850	12.7
2851	11.2
2852	10.1
2853	9.7
2854	9.2
2855	8.7
2856	8.7
2857	8.5
2858	8.6
2859	8.5
2860	8.3
2861	8.6
2862	9
2863	10.3
2864	11.4
2865	11.8
2866	12.3
2867	12.6
2868	12.9
2869	13.2
2870	13.8
2871	14
2872	13.7
2873	13.5
2874	12.7
2875	11.3
2876	10.2
2877	9.8
2878	9.3
2879	8.8
2880	8.7
2881	8.6
2882	8.6
2883	8.4
2884	8.3
2885	8.6
2886	9.1
2887	10.3
2888	11.3
2889	11.7
2890	12.2
2891	12.5
2892	12.8
2893	13.2
2894	13.8
2895	14
2896	13.7
2897	13.5
2898	12.6
2899	11.2
2900	10.2
2901	9.8
2902	9.3
2903	8.8
2904	8.7
2905	8.5
2906	8.6
2907	8.4
2908	8.2
2909	8.6
2910	9
2911	10.3
2912	11.3
2913	11.7
2914	12.1
2915	12.5
2916	12.8
2917	13.2
2918	13.8
2919	14
2920	13.6
2921	13.4
2922	12.5
2923	11.1
2924	10.1
2925	9.7
2926	9.3
2927	8.7
2928	8.6
2929	8.4
2930	8.5
2931	8.3
2932	8.1
2933	8.5
2934	8.9
2935	10.2
2936	11.1
2937	11.6
2938	12
2939	12.5
2940	12.9
2941	13.2
2942	13.7
2943	14
2944	13.6
2945	13.4
2946	12.5
2947	11.1
2948	10.1
2949	9.7
2950	9.3
2951	8.8
2952	8.7
2953	8.5
2954	8.6
2955	8.5
2956	8.3
2957	8.6
2958	9
2959	10.3
2960	11.2
2961	11.6
2962	12.1
2963	12.6
2964	13
2965	13.2
2966	13.8
2967	14
2968	13.6
2969	13.3
2970	12.5
2971	11
2972	10.1
2973	9.8
2974	9.3
2975	8.8
2976	8.6
2977	8.4
2978	8.6
2979	8.4
2980	8.1
2981	8.5
2982	8.9
2983	10.1
2984	11
2985	11.4
2986	12
2987	12.4
2988	12.8
2989	13.1
2990	13.7
2991	13.9
2992	13.5
2993	13.2
2994	12.3
2995	11
2996	10.1
2997	9.9
2998	9.3
2999	8.9
3000	8.7
3001	8.5
3002	8.6
3003	8.4
3004	8.2
3005	8.5
3006	9
3007	10.2
3008	11.1
3009	11.4
3010	12
3011	12.4
3012	12.8
3013	13.1
3014	13.6
3015	13.9
3016	13.5
3017	13.2
3018	12.3
3019	11
3020	10.1
3021	9.8
3022	9.3
3023	8.9
3024	8.5
3025	8.3
3026	8.5
3027	8.3
3028	8.1
3029	8.4
3030	9
3031	10.2
3032	11
3033	11.5
3034	11.9
3035	12.4
3036	12.8
3037	13.2
3038	13.6
3039	13.9
3040	13.5
3041	13.2
3042	12.4
3043	10.9
3044	10.1
3045	9.7
3046	9.2
3047	8.8
3048	8.5
3049	8.2
3050	8.4
3051	8.1
3052	8
3053	8.2
3054	8.9
3055	10.1
3056	10.9
3057	11.3
3058	11.9
3059	12.4
3060	12.9
3061	13.2
3062	13.6
3063	13.9
3064	13.5
3065	13.1
3066	12.2
3067	10.8
3068	10
3069	9.6
3070	9.1
3071	8.7
3072	8.4
3073	8.1
3074	8.2
3075	8
3076	7.9
3077	8.1
3078	8.7
3079	9.9
3080	10.8
3081	11.1
3082	11.7
3083	12.1
3084	12.6
3085	12.9
3086	13.3
3087	13.7
3088	13.3
3089	12.9
3090	12.2
3091	10.6
3092	9.9
3093	9.5
3094	9.2
3095	8.8
3096	8.5
3097	8.2
3098	8.2
3099	8
3100	7.9
3101	8.2
3102	8.7
3103	10
3104	10.8
3105	11.1
3106	11.8
3107	12.2
3108	12.6
3109	12.9
3110	13.3
3111	13.7
3112	13.4
3113	13
3114	12.2
3115	10.6
3116	10
3117	9.6
3118	9.3
3119	9
3120	8.7
3121	8.4
3122	8.3
3123	8.1
3124	8.1
3125	8.2
3126	8.8
3127	10.1
3128	10.9
3129	11.2
3130	12
3131	12.3
3132	12.7
3133	13
3134	13.4
3135	13.8
3136	13.5
3137	13.2
3138	12.2
3139	10.8
3140	10.1
3141	9.6
3142	9.3
3143	9.1
3144	8.7
3145	8.5
3146	8.3
3147	8.2
3148	8.2
3149	8.3
3150	8.9
3151	10.1
3152	10.9
3153	11.2
3154	12
3155	12.1
3156	12.6
3157	13
3158	13.3
3159	13.7
3160	13.4
3161	13.1
3162	12.1
3163	10.7
3164	10
3165	9.4
3166	9.1
3167	8.9
3168	8.5
3169	8.2
3170	8
3171	8
3172	7.9
3173	8.2
3174	8.8
3175	10.1
3176	10.8
3177	11.1
3178	11.9
3179	12
3180	12.6
3181	12.9
3182	13.2
3183	13.6
3184	13.3
3185	13
3186	12
3187	10.6
3188	9.9
3189	9.3
3190	8.9
3191	8.7
3192	8.5
3193	8.1
3194	8
3195	8
3196	7.9
3197	8
3198	8.7
3199	10
3200	10.7
3201	11.1
3202	11.7
3203	11.9
3204	12.4
3205	12.9
3206	13
3207	13.5
3208	13.3
3209	12.9
3210	11.9
3211	10.5
3212	9.8
3213	9.2
3214	8.7
3215	8.6
3216	8.2
3217	7.9
3218	7.8
3219	7.8
3220	7.7
3221	7.8
3222	8.6
3223	9.9
3224	10.6
3225	11
3226	11.7
3227	11.9
3228	12.4
3229	12.9
3230	13
3231	13.5
3232	13.4
3233	13
3234	11.9
3235	10.4
3236	9.7
3237	9
3238	8.5
3239	8.4
3240	8.1
3241	7.7
3242	7.7
3243	7.6
3244	7.5
3245	7.6
3246	8.5
3247	9.7
3248	10.5
3249	10.9
3250	11.7
3251	11.8
3252	12.3
3253	12.8
3254	12.9
3255	13.4
3256	13.2
3257	12.9
3258	11.8
3259	10.4
3260	9.7
3261	8.9
3262	8.5
3263	8.3
3264	8
3265	7.7
3266	7.6
3267	7.6
3268	7.5
3269	7.6
3270	8.4
3271	9.6
3272	10.4
3273	10.9
3274	11.6
3275	11.8
3276	12.2
3277	12.7
3278	12.9
3279	13.4
3280	13.2
3281	13
3282	11.8
3283	10.6
3284	9.8
3285	8.9
3286	8.4
3287	8.3
3288	7.9
3289	7.7
3290	7.6
3291	7.6
3292	7.4
3293	7.6
3294	8.4
3295	9.6
3296	10.5
3297	10.9
3298	11.5
3299	11.7
3300	12.1
3301	12.6
3302	12.8
3303	13.2
3304	13.1
3305	12.8
3306	11.7
3307	10.5
3308	9.6
3309	8.7
3310	8.3
3311	8.1
3312	7.7
3313	7.5
3314	7.4
3315	7.3
3316	7.1
3317	7.4
3318	8.2
3319	9.5
3320	10.3
3321	10.8
3322	11.4
3323	11.7
3324	12
3325	12.4
3326	12.6
3327	13.1
3328	13
3329	12.7
3330	11.6
3331	10.4
3332	9.4
3333	8.5
3334	8.2
3335	7.9
3336	7.6
3337	7.4
3338	7.2
3339	7.3
3340	7.1
3341	7.3
3342	8.2
3343	9.4
3344	10.2
3345	10.7
3346	11.3
3347	11.7
3348	11.9
3349	12.4
3350	12.4
3351	13
3352	12.9
3353	12.6
3354	11.5
3355	10.4
3356	9.4
3357	8.3
3358	8.1
3359	7.8
3360	7.5
3361	7.4
3362	7.1
3363	7.1
3364	7
3365	7.1
3366	8.1
3367	9.4
3368	10.1
3369	10.7
3370	11.3
3371	11.6
3372	11.9
3373	12.3
3374	12.4
3375	12.9
3376	12.8
3377	12.6
3378	11.5
3379	10.3
3380	9.3
3381	8.3
3382	8.1
3383	7.8
3384	7.5
3385	7.4
3386	7.1
3387	7.1
3388	6.9
3389	7.1
3390	8
3391	9.3
3392	10
3393	10.5
3394	11.2
3395	11.5
3396	11.8
3397	12.2
3398	12.3
3399	12.8
3400	12.7
3401	12.5
3402	11.4
3403	10.2
3404	9.2
3405	8.2
3406	7.9
3407	7.6
3408	7.4
3409	7.2
3410	7
3411	7.1
3412	6.9
3413	7
3414	7.9
3415	9.2
3416	9.9
3417	10.5
3418	11.1
3419	11.4
3420	11.8
3421	12.1
3422	12.3
3423	12.7
3424	12.7
3425	12.3
3426	11.4
3427	10.2
3428	9.2
3429	8.1
3430	7.9
3431	7.6
3432	7.3
3433	7.3
3434	7.1
3435	7.2
3436	6.9
3437	7.1
3438	8
3439	9.2
3440	9.9
3441	10.6
3442	11.2
3443	11.4
3444	11.9
3445	12.1
3446	12.4
3447	12.7
3448	12.6
3449	12.2
3450	11.3
3451	10.2
3452	9.1
3453	8.1
3454	7.8
3455	7.4
3456	7.2
3457	7.2
3458	6.9
3459	7
3460	6.7
3461	6.9
3462	7.9
3463	9.1
3464	9.8
3465	10.4
3466	11
3467	11.3
3468	11.7
3469	11.9
3470	12.3
3471	12.6
3472	12.5
3473	12.1
3474	11.2
3475	10.1
3476	9
3477	8
3478	7.7
3479	7.2
3480	6.9
3481	7
3482	6.7
3483	6.8
3484	6.6
3485	6.8
3486	7.7
3487	8.9
3488	9.7
3489	10.2
3490	10.8
3491	11.2
3492	11.6
3493	11.8
3494	12.1
3495	12.4
3496	12.3
3497	11.9
3498	11.1
3499	10
3500	8.9
3501	8
3502	7.6
3503	7.1
3504	6.9
3505	6.9
3506	6.6
3507	6.7
3508	6.5
3509	6.7
3510	7.7
3511	8.9
3512	9.7
3513	10.2
3514	10.8
3515	11.1
3516	11.5
3517	11.8
3518	12.1
3519	12.4
3520	12.3
3521	11.9
3522	11.2
3523	10
3524	8.8
3525	7.9
3526	7.5
3527	7
3528	6.8
3529	6.8
3530	6.6
3531	6.7
3532	6.5
3533	6.6
3534	7.6
3535	8.7
3536	9.5
3537	10
3538	10.7
3539	11
3540	11.4
3541	11.7
3542	12
3543	12.3
3544	12.2
3545	11.8
3546	11.1
3547	10
3548	8.8
3549	7.8
3550	7.5
3551	6.9
3552	6.8
3553	6.8
3554	6.6
3555	6.6
3556	6.6
3557	6.6
3558	7.6
3559	8.8
3560	9.5
3561	10
3562	10.7
3563	11
3564	11.4
3565	11.7
3566	12.1
3567	12.3
3568	12.2
3569	11.9
3570	11.1
3571	10
3572	8.7
3573	7.8
3574	7.5
3575	6.9
3576	6.8
3577	6.8
3578	6.5
3579	6.6
3580	6.6
3581	6.7
3582	7.6
3583	8.7
3584	9.5
3585	10.1
3586	10.7
3587	11
3588	11.4
3589	11.7
3590	12.2
3591	12.3
3592	12.1
3593	11.8
3594	11.1
3595	9.9
3596	8.7
3597	7.8
3598	7.5
3599	6.9
3600	6.8
3601	6.7
3602	6.5
3603	6.7
3604	6.6
3605	6.7
3606	7.6
3607	8.7
3608	9.4
3609	10
3610	10.7
3611	11.1
3612	11.4
3613	11.7
3614	12.2
3615	12.2
3616	12.1
3617	11.8
3618	11
3619	9.9
3620	8.7
3621	7.8
3622	7.5
3623	7
3624	6.8
3625	6.8
3626	6.5
3627	6.6
3628	6.5
3629	6.6
3630	7.5
3631	8.7
3632	9.4
3633	9.9
3634	10.7
3635	11
3636	11.3
3637	11.5
3638	12
3639	12.1
3640	12
3641	11.6
3642	10.9
3643	9.7
3644	8.6
3645	7.8
3646	7.5
3647	6.9
3648	6.8
3649	6.8
3650	6.5
3651	6.6
3652	6.5
3653	6.6
3654	7.5
3655	8.7
3656	9.3
3657	9.8
3658	10.6
3659	10.9
3660	11.3
3661	11.5
3662	12
3663	12.1
3664	12
3665	11.7
3666	10.9
3667	9.7
3668	8.6
3669	7.8
3670	7.5
3671	6.9
3672	6.8
3673	6.8
3674	6.5
3675	6.5
3676	6.5
3677	6.5
3678	7.4
3679	8.6
3680	9.2
3681	9.7
3682	10.5
3683	10.8
3684	11.2
3685	11.6
3686	12
3687	12
3688	12
3689	11.7
3690	10.9
3691	9.7
3692	8.6
3693	7.8
3694	7.4
3695	6.8
3696	6.7
3697	6.6
3698	6.4
3699	6.5
3700	6.4
3701	6.4
3702	7.3
3703	8.4
3704	9.1
3705	9.6
3706	10.4
3707	10.7
3708	11.1
3709	11.5
3710	12
3711	12
3712	12
3713	11.7
3714	10.9
3715	9.7
3716	8.6
3717	7.8
3718	7.4
3719	6.8
3720	6.7
3721	6.6
3722	6.4
3723	6.5
3724	6.3
3725	6.6
3726	7.2
3727	8.3
3728	9.1
3729	9.5
3730	10.3
3731	10.7
3732	11.1
3733	11.4
3734	12
3735	11.9
3736	12
3737	11.6
3738	10.9
3739	9.6
3740	8.5
3741	7.7
3742	7.3
3743	6.8
3744	6.7
3745	6.5
3746	6.3
3747	6.4
3748	6.3
3749	6.5
3750	7.1
3751	8.3
3752	9
3753	9.5
3754	10.2
3755	10.6
3756	11
3757	11.3
3758	11.9
3759	11.8
3760	11.8
3761	11.6
3762	10.8
3763	9.6
3764	8.5
3765	7.7
3766	7.4
3767	6.9
3768	6.7
3769	6.5
3770	6.3
3771	6.4
3772	6.4
3773	6.4
3774	7.2
3775	8.2
3776	9
3777	9.5
3778	10.3
3779	10.7
3780	11
3781	11.4
3782	11.9
3783	11.9
3784	12
3785	11.7
3786	10.9
3787	9.7
3788	8.6
3789	7.8
3790	7.4
3791	6.8
3792	6.7
3793	6.5
3794	6.3
3795	6.4
3796	6.3
3797	6.4
3798	7.2
3799	8.3
3800	8.9
3801	9.5
3802	10.3
3803	10.7
3804	11
3805	11.5
3806	11.9
3807	11.9
3808	12
3809	11.9
3810	10.9
3811	9.7
3812	8.6
3813	7.7
3814	7.5
3815	6.9
3816	6.7
3817	6.5
3818	6.4
3819	6.5
3820	6.4
3821	6.5
3822	7.3
3823	8.3
3824	9
3825	9.6
3826	10.3
3827	10.8
3828	11
3829	11.5
3830	11.9
3831	11.8
3832	12
3833	11.8
3834	10.9
3835	9.7
3836	8.6
3837	7.7
3838	7.5
3839	7
3840	6.8
3841	6.6
3842	6.4
3843	6.5
3844	6.3
3845	6.5
3846	7.3
3847	8.3
3848	8.9
3849	9.5
3850	10.2
3851	10.8
3852	11
3853	11.4
3854	11.9
3855	11.8
3856	11.9
3857	11.7
3858	10.8
3859	9.7
3860	8.6
3861	7.6
3862	7.4
3863	7
3864	6.7
3865	6.5
3866	6.4
3867	6.5
3868	6.3
3869	6.4
3870	7.2
3871	8.3
3872	8.8
3873	9.5
3874	10.2
3875	10.7
3876	11
3877	11.4
3878	11.9
3879	11.9
3880	11.9
3881	11.5
3882	10.7
3883	9.6
3884	8.6
3885	7.7
3886	7.5
3887	7.2
3888	6.8
3889	6.6
3890	6.5
3891	6.5
3892	6.3
3893	6.5
3894	7.3
3895	8.4
3896	8.9
3897	9.6
3898	10.4
3899	10.8
3900	11.1
3901	11.5
3902	12
3903	11.9
3904	11.9
3905	11.5
3906	10.8
3907	9.6
3908	8.6
3909	7.7
3910	7.6
3911	7.3
3912	6.8
3913	6.7
3914	6.6
3915	6.6
3916	6.3
3917	6.5
3918	7.3
3919	8.3
3920	8.9
3921	9.6
3922	10.4
3923	10.8
3924	11.1
3925	11.4
3926	11.9
3927	11.9
3928	11.9
3929	11.6
3930	10.8
3931	9.6
3932	8.6
3933	7.7
3934	7.5
3935	7.2
3936	6.8
3937	6.6
3938	6.6
3939	6.5
3940	6.3
3941	6.5
3942	7.2
3943	8.3
3944	8.9
3945	9.6
3946	10.3
3947	10.7
3948	11.1
3949	11.3
3950	11.9
3951	11.9
3952	11.9
3953	11.6
3954	10.8
3955	9.7
3956	8.6
3957	7.7
3958	7.5
3959	7.2
3960	6.8
3961	6.6
3962	6.5
3963	6.5
3964	6.3
3965	6.6
3966	7.1
3967	8.2
3968	8.8
3969	9.5
3970	10.2
3971	10.5
3972	11
3973	11.3
3974	11.9
3975	11.8
3976	11.8
3977	11.5
3978	10.7
3979	9.6
3980	8.4
3981	7.5
3982	7.4
3983	7.1
3984	6.6
3985	6.4
3986	6.4
3987	6.4
3988	6.3
3989	6.5
3990	7.1
3991	8.1
3992	8.7
3993	9.3
3994	10.1
3995	10.4
3996	10.9
3997	11.2
3998	11.8
3999	11.8
4000	11.7
4001	11.4
4002	10.7
4003	9.5
4004	8.3
4005	7.4
4006	7.2
4007	7
4008	6.6
4009	6.4
4010	6.3
4011	6.3
4012	6.2
4013	6.4
4014	7
4015	8
4016	8.6
4017	9.3
4018	10
4019	10.3
4020	10.9
4021	11.2
4022	11.7
4023	11.8
4024	11.6
4025	11.3
4026	10.6
4027	9.5
4028	8.3
4029	7.5
4030	7.2
4031	7
4032	6.6
4033	6.3
4034	6.3
4035	6.2
4036	6.2
4037	6.4
4038	6.9
4039	8
4040	8.5
4041	9.3
4042	10.1
4043	10.2
4044	10.9
4045	11
4046	11.7
4047	11.7
4048	11.5
4049	11.2
4050	10.6
4051	9.5
4052	8.3
4053	7.4
4054	7.2
4055	7.1
4056	6.6
4057	6.4
4058	6.3
4059	6.3
4060	6.2
4061	6.5
4062	7
4063	8.1
4064	8.5
4065	9.4
4066	10.1
4067	10.2
4068	10.9
4069	11.1
4070	11.6
4071	11.8
4072	11.6
4073	11.1
4074	10.6
4075	9.5
4076	8.3
4077	7.4
4078	7.1
4079	7.1
4080	6.6
4081	6.3
4082	6.3
4083	6.2
4084	6.1
4085	6.3
4086	7
4087	8
4088	8.5
4089	9.3
4090	10
4091	10.2
4092	10.9
4093	11
4094	11.5
4095	11.7
4096	11.5
4097	11
4098	10.5
4099	9.4
4100	8.3
4101	7.4
4102	7.1
4103	7.1
4104	6.6
4105	6.4
4106	6.3
4107	6.2
4108	6.1
4109	6.4
4110	7
4111	8
4112	8.6
4113	9.4
4114	10.2
4115	10.4
4116	11.1
4117	11.1
4118	11.6
4119	11.8
4120	11.5
4121	11.1
4122	10.7
4123	9.6
4124	8.4
4125	7.5
4126	7.1
4127	7.1
4128	6.7
4129	6.4
4130	6.3
4131	6.2
4132	6.1
4133	6.4
4134	7
4135	8.1
4136	8.6
4137	9.3
4138	10.1
4139	10.3
4140	11
4141	11.1
4142	11.5
4143	11.7
4144	11.5
4145	11.1
4146	10.7
4147	9.5
4148	8.2
4149	7.5
4150	7
4151	7.1
4152	6.6
4153	6.3
4154	6.3
4155	6
4156	6.1
4157	6.3
4158	7
4159	8.1
4160	8.6
4161	9.2
4162	10
4163	10.2
4164	11
4165	11
4166	11.4
4167	11.6
4168	11.4
4169	11
4170	10.7
4171	9.5
4172	8.3
4173	7.5
4174	7
4175	7
4176	6.6
4177	6.2
4178	6.3
4179	6
4180	6
4181	6.2
4182	6.9
4183	8
4184	8.6
4185	9.2
4186	10
4187	10.1
4188	11
4189	11
4190	11.4
4191	11.6
4192	11.4
4193	11
4194	10.7
4195	9.5
4196	8.2
4197	7.4
4198	6.9
4199	6.9
4200	6.5
4201	6.1
4202	6.3
4203	5.9
4204	6
4205	6.1
4206	6.8
4207	8
4208	8.6
4209	9.2
4210	9.9
4211	10
4212	10.9
4213	10.9
4214	11.5
4215	11.6
4216	11.4
4217	11
4218	10.7
4219	9.5
4220	8.2
4221	7.4
4222	6.9
4223	6.9
4224	6.5
4225	6.2
4226	6.2
4227	5.9
4228	6
4229	6.1
4230	6.8
4231	7.9
4232	8.6
4233	9.2
4234	9.9
4235	10
4236	10.9
4237	10.9
4238	11.5
4239	11.6
4240	11.4
4241	11
4242	10.7
4243	9.5
4244	8.2
4245	7.4
4246	6.9
4247	6.8
4248	6.4
4249	6.1
4250	6.1
4251	5.9
4252	6
4253	6.1
4254	6.8
4255	7.9
4256	8.6
4257	9.3
4258	9.9
4259	10.2
4260	10.9
4261	10.9
4262	11.5
4263	11.7
4264	11.5
4265	11.1
4266	10.8
4267	9.6
4268	8.3
4269	7.5
4270	7
4271	6.8
4272	6.5
4273	6.2
4274	6.2
4275	6
4276	6.1
4277	6.2
4278	6.9
4279	8
4280	8.7
4281	9.2
4282	9.8
4283	10.2
4284	10.9
4285	11
4286	11.6
4287	11.7
4288	11.6
4289	11.2
4290	10.8
4291	9.6
4292	8.3
4293	7.6
4294	7.1
4295	6.8
4296	6.5
4297	6.2
4298	6.2
4299	6
4300	6.1
4301	6.1
4302	6.9
4303	8.1
4304	8.7
4305	9.3
4306	9.9
4307	10.3
4308	10.9
4309	11
4310	11.6
4311	11.7
4312	11.5
4313	11.1
4314	10.8
4315	9.6
4316	8.3
4317	7.5
4318	7
4319	6.8
4320	6.5
4321	6.2
4322	6.2
4323	6
4324	6
4325	6
4326	6.9
4327	8
4328	8.8
4329	9.3
4330	9.9
4331	10.3
4332	10.9
4333	11
4334	11.5
4335	11.7
4336	11.5
4337	11.1
4338	10.8
4339	9.6
4340	8.3
4341	7.5
4342	7
4343	6.7
4344	6.4
4345	6.1
4346	6.2
4347	6
4348	6
4349	5.9
4350	6.9
4351	8.1
4352	8.8
4353	9.4
4354	9.9
4355	10.3
4356	10.8
4357	11
4358	11.6
4359	11.7
4360	11.6
4361	11.2
4362	10.9
4363	9.7
4364	8.3
4365	7.5
4366	7.1
4367	6.7
4368	6.5
4369	6.1
4370	6.2
4371	6
4372	6
4373	5.9
4374	7
4375	8
4376	8.8
4377	9.3
4378	9.9
4379	10.4
4380	10.8
4381	11.1
4382	11.6
4383	11.7
4384	11.6
4385	11.2
4386	10.9
4387	9.6
4388	8.3
4389	7.5
4390	7.1
4391	6.7
4392	6.4
4393	6.1
4394	6.2
4395	6
4396	6
4397	5.9
4398	7
4399	8
4400	8.8
4401	9.4
4402	10
4403	10.4
4404	10.8
4405	11.1
4406	11.6
4407	11.7
4408	11.7
4409	11.3
4410	10.9
4411	9.6
4412	8.4
4413	7.6
4414	7.1
4415	6.6
4416	6.4
4417	6.1
4418	6.1
4419	5.9
4420	6
4421	5.9
4422	7
4423	7.9
4424	8.8
4425	9.3
4426	9.9
4427	10.3
4428	10.7
4429	11.1
4430	11.6
4431	11.6
4432	11.6
4433	11.3
4434	10.9
4435	9.6
4436	8.3
4437	7.6
4438	7.1
4439	6.6
4440	6.3
4441	6.1
4442	6.1
4443	6
4444	6.1
4445	5.9
4446	6.9
4447	7.9
4448	8.8
4449	9.4
4450	9.9
4451	10.4
4452	10.7
4453	11.2
4454	11.6
4455	11.6
4456	11.8
4457	11.5
4458	10.9
4459	9.6
4460	8.4
4461	7.6
4462	7.1
4463	6.5
4464	6.2
4465	6
4466	6
4467	5.9
4468	6
4469	5.9
4470	7
4471	7.9
4472	8.8
4473	9.3
4474	9.8
4475	10.3
4476	10.6
4477	11.1
4478	11.6
4479	11.7
4480	11.8
4481	11.5
4482	10.8
4483	9.5
4484	8.3
4485	7.5
4486	7.1
4487	6.5
4488	6.2
4489	6
4490	6
4491	6
4492	5.9
4493	5.8
4494	6.9
4495	7.9
4496	8.8
4497	9.3
4498	9.9
4499	10.3
4500	10.6
4501	11.1
4502	11.6
4503	11.7
4504	11.8
4505	11.4
4506	10.8
4507	9.5
4508	8.2
4509	7.4
4510	7.1
4511	6.5
4512	6.2
4513	6
4514	6
4515	6
4516	5.9
4517	5.8
4518	6.8
4519	7.7
4520	8.7
4521	9.2
4522	9.9
4523	10.3
4524	10.6
4525	11.1
4526	11.5
4527	11.8
4528	11.8
4529	11.4
4530	10.8
4531	9.5
4532	8.1
4533	7.4
4534	7
4535	6.5
4536	6.2
4537	6
4538	5.9
4539	6
4540	5.9
4541	5.8
4542	6.7
4543	7.6
4544	8.6
4545	9.2
4546	9.8
4547	10.2
4548	10.5
4549	11.1
4550	11.5
4551	11.7
4552	11.7
4553	11.4
4554	10.7
4555	9.5
4556	8
4557	7.3
4558	7.1
4559	6.6
4560	6.3
4561	6
4562	6
4563	6
4564	5.9
4565	5.8
4566	6.7
4567	7.7
4568	8.6
4569	9.2
4570	9.8
4571	10.3
4572	10.6
4573	11.2
4574	11.4
4575	11.8
4576	11.7
4577	11.4
4578	10.7
4579	9.5
4580	8.1
4581	7.3
4582	7
4583	6.5
4584	6.3
4585	6.1
4586	6
4587	6
4588	5.9
4589	5.9
4590	6.7
4591	7.7
4592	8.5
4593	9.2
4594	9.8
4595	10.3
4596	10.5
4597	11.1
4598	11.3
4599	11.7
4600	11.7
4601	11.3
4602	10.6
4603	9.4
4604	8.1
4605	7.2
4606	7
4607	6.4
4608	6.3
4609	6
4610	5.9
4611	5.9
4612	5.9
4613	5.8
4614	6.6
4615	7.6
4616	8.4
4617	9
4618	9.7
4619	10.1
4620	10.4
4621	11
4622	11.1
4623	11.6
4624	11.6
4625	11.3
4626	10.5
4627	9.3
4628	8
4629	7.2
4630	6.9
4631	6.4
4632	6.3
4633	6
4634	5.9
4635	5.9
4636	5.8
4637	5.8
4638	6.6
4639	7.5
4640	8.4
4641	9.1
4642	9.7
4643	10
4644	10.4
4645	10.9
4646	10.9
4647	11.5
4648	11.4
4649	11.1
4650	10.4
4651	9.2
4652	7.9
4653	7
4654	6.8
4655	6.3
4656	6.2
4657	6
4658	5.9
4659	5.8
4660	5.8
4661	5.8
4662	6.5
4663	7.5
4664	8.4
4665	9
4666	9.6
4667	9.9
4668	10.4
4669	10.9
4670	10.8
4671	11.4
4672	11.3
4673	11.1
4674	10.4
4675	9.2
4676	7.9
4677	7
4678	6.9
4679	6.3
4680	6.1
4681	6
4682	5.8
4683	5.8
4684	5.9
4685	5.8
4686	6.5
4687	7.5
4688	8.4
4689	9
4690	9.6
4691	9.9
4692	10.3
4693	10.9
4694	10.8
4695	11.3
4696	11.3
4697	11
4698	10.4
4699	9.2
4700	7.9
4701	7
4702	6.9
4703	6.3
4704	6.1
4705	5.9
4706	5.8
4707	5.8
4708	5.9
4709	5.8
4710	6.5
4711	7.5
4712	8.3
4713	8.9
4714	9.5
4715	9.9
4716	10.4
4717	10.9
4718	10.8
4719	11.3
4720	11.3
4721	10.9
4722	10.3
4723	9.1
4724	7.8
4725	6.9
4726	6.7
4727	6.1
4728	6
4729	5.8
4730	5.7
4731	5.7
4732	5.8
4733	5.7
4734	6.3
4735	7.4
4736	8.2
4737	8.8
4738	9.4
4739	9.8
4740	10.3
4741	10.8
4742	10.7
4743	11.2
4744	11.2
4745	10.9
4746	10.3
4747	9.1
4748	7.8
4749	6.9
4750	6.7
4751	6.2
4752	6
4753	5.8
4754	5.8
4755	5.7
4756	5.8
4757	5.7
4758	6.3
4759	7.4
4760	8.2
4761	8.8
4762	9.4
4763	9.8
4764	10.3
4765	10.6
4766	10.7
4767	11.3
4768	11.1
4769	10.9
4770	10.3
4771	9.1
4772	7.7
4773	6.8
4774	6.7
4775	6.2
4776	6
4777	5.8
4778	5.8
4779	5.7
4780	5.7
4781	5.8
4782	6.3
4783	7.4
4784	8.3
4785	8.8
4786	9.4
4787	9.8
4788	10.2
4789	10.6
4790	10.7
4791	11.3
4792	11.1
4793	10.8
4794	10.3
4795	9
4796	7.6
4797	6.8
4798	6.7
4799	6.1
4800	5.9
4801	5.8
4802	5.7
4803	5.7
4804	5.6
4805	5.7
4806	6.3
4807	7.4
4808	8.2
4809	8.6
4810	9.3
4811	9.7
4812	10.2
4813	10.6
4814	10.7
4815	11.3
4816	11
4817	10.7
4818	10.2
4819	9.1
4820	7.7
4821	6.8
4822	6.7
4823	6.2
4824	6.1
4825	6
4826	5.9
4827	5.8
4828	5.7
4829	5.8
4830	6.3
4831	7.5
4832	8.2
4833	8.6
4834	9.3
4835	9.7
4836	10.2
4837	10.6
4838	10.7
4839	11.2
4840	11
4841	10.7
4842	10.2
4843	9.1
4844	7.6
4845	6.8
4846	6.7
4847	6.2
4848	6.1
4849	5.9
4850	5.8
4851	5.7
4852	5.7
4853	5.7
4854	6.3
4855	7.4
4856	8.1
4857	8.5
4858	9.2
4859	9.6
4860	10.1
4861	10.5
4862	10.7
4863	11.1
4864	10.8
4865	10.7
4866	10.1
4867	9.1
4868	7.6
4869	6.8
4870	6.7
4871	6.1
4872	6
4873	5.8
4874	5.8
4875	5.6
4876	5.7
4877	5.7
4878	6.2
4879	7.4
4880	8
4881	8.5
4882	9
4883	9.6
4884	10
4885	10.4
4886	10.6
4887	11.1
4888	10.8
4889	10.6
4890	10
4891	9
4892	7.6
4893	6.7
4894	6.6
4895	6
4896	6
4897	5.8
4898	5.8
4899	5.6
4900	5.7
4901	5.7
4902	6.2
4903	7.4
4904	8
4905	8.5
4906	9.1
4907	9.6
4908	10
4909	10.4
4910	10.6
4911	11.1
4912	10.8
4913	10.6
4914	10
4915	9.1
4916	7.7
4917	6.8
4918	6.6
4919	6
4920	6
4921	5.8
4922	5.8
4923	5.6
4924	5.7
4925	5.8
4926	6.1
4927	7.3
4928	8
4929	8.4
4930	9
4931	9.5
4932	10
4933	10.3
4934	10.7
4935	11.1
4936	10.8
4937	10.6
4938	9.9
4939	9
4940	7.6
4941	6.7
4942	6.5
4943	6
4944	5.9
4945	5.7
4946	5.6
4947	5.5
4948	5.6
4949	5.6
4950	6.1
4951	7.2
4952	8
4953	8.4
4954	9
4955	9.6
4956	10
4957	10.3
4958	10.7
4959	11
4960	10.8
4961	10.6
4962	10
4963	9
4964	7.5
4965	6.7
4966	6.5
4967	6
4968	5.8
4969	5.7
4970	5.6
4971	5.5
4972	5.6
4973	5.5
4974	5.9
4975	7.2
4976	8
4977	8.4
4978	9
4979	9.6
4980	9.9
4981	10.3
4982	10.7
4983	10.9
4984	10.7
4985	10.5
4986	9.9
4987	8.9
4988	7.4
4989	6.5
4990	6.3
4991	5.9
4992	5.7
4993	5.6
4994	5.6
4995	5.4
4996	5.4
4997	5.5
4998	6
4999	7.2
5000	7.9
5001	8.3
5002	8.9
5003	9.6
5004	9.9
5005	10.3
5006	10.7
5007	10.9
5008	10.8
5009	10.5
5010	10
5011	8.9
5012	7.5
5013	6.6
5014	6.3
5015	5.9
5016	5.8
5017	5.7
5018	5.6
5019	5.5
5020	5.5
5021	5.6
5022	6
5023	7.2
5024	8
5025	8.3
5026	9
5027	9.7
5028	10
5029	10.3
5030	10.8
5031	11
5032	10.8
5033	10.6
5034	10
5035	9
5036	7.5
5037	6.7
5038	6.3
5039	6
5040	5.9
5041	5.8
5042	5.7
5043	5.5
5044	5.4
5045	5.5
5046	6
5047	7.1
5048	7.9
5049	8.3
5050	9
5051	9.7
5052	9.9
5053	10.1
5054	10.7
5055	11
5056	10.7
5057	10.5
5058	9.9
5059	8.9
5060	7.4
5061	6.7
5062	6.2
5063	5.9
5064	5.8
5065	5.9
5066	5.7
5067	5.5
5068	5.4
5069	5.4
5070	5.9
5071	7.1
5072	7.9
5073	8.3
5074	8.9
5075	9.6
5076	9.8
5077	10
5078	10.6
5079	10.8
5080	10.6
5081	10.5
5082	9.8
5083	8.8
5084	7.4
5085	6.7
5086	6.2
5087	6
5088	5.8
5089	5.9
5090	5.8
5091	5.5
5092	5.5
5093	5.6
5094	6
5095	7.1
5096	8
5097	8.4
5098	9
5099	9.6
5100	9.9
5101	10.2
5102	10.7
5103	10.9
5104	10.7
5105	10.4
5106	9.7
5107	8.8
5108	7.4
5109	6.7
5110	6.2
5111	6
5112	5.8
5113	5.9
5114	5.7
5115	5.5
5116	5.5
5117	5.6
5118	5.9
5119	7.1
5120	8
5121	8.4
5122	9
5123	9.7
5124	9.9
5125	10.2
5126	10.7
5127	10.9
5128	10.7
5129	10.4
5130	9.7
5131	8.8
5132	7.4
5133	6.7
5134	6.2
5135	6
5136	5.8
5137	5.9
5138	5.7
5139	5.4
5140	5.5
5141	5.5
5142	5.9
5143	7.1
5144	8
5145	8.4
5146	9
5147	9.7
5148	10
5149	10.2
5150	10.7
5151	10.9
5152	10.8
5153	10.4
5154	9.7
5155	8.8
5156	7.4
5157	6.7
5158	6.1
5159	6
5160	5.8
5161	5.9
5162	5.7
5163	5.3
5164	5.4
5165	5.5
5166	5.8
5167	7.1
5168	8
5169	8.5
5170	9
5171	9.7
5172	10
5173	10.1
5174	10.7
5175	11
5176	10.8
5177	10.5
5178	9.8
5179	8.8
5180	7.3
5181	6.7
5182	6
5183	5.9
5184	5.6
5185	5.7
5186	5.5
5187	5.2
5188	5.3
5189	5.3
5190	5.7
5191	7
5192	7.9
5193	8.4
5194	8.9
5195	9.5
5196	9.8
5197	10
5198	10.5
5199	10.8
5200	10.6
5201	10.4
5202	9.7
5203	8.7
5204	7.3
5205	6.6
5206	6
5207	5.8
5208	5.6
5209	5.7
5210	5.6
5211	5.2
5212	5.3
5213	5.3
5214	5.7
5215	7
5216	8
5217	8.4
5218	8.9
5219	9.5
5220	9.8
5221	9.9
5222	10.5
5223	10.8
5224	10.7
5225	10.3
5226	9.7
5227	8.6
5228	7.3
5229	6.6
5230	6
5231	5.9
5232	5.6
5233	5.9
5234	5.6
5235	5.3
5236	5.4
5237	5.4
5238	5.8
5239	7
5240	8
5241	8.5
5242	9
5243	9.6
5244	9.8
5245	10
5246	10.5
5247	10.8
5248	10.7
5249	10.3
5250	9.7
5251	8.5
5252	7.2
5253	6.6
5254	6
5255	5.9
5256	5.6
5257	5.8
5258	5.5
5259	5.3
5260	5.4
5261	5.4
5262	5.8
5263	7
5264	8
5265	8.5
5266	8.9
5267	9.6
5268	9.8
5269	9.9
5270	10.6
5271	10.7
5272	10.7
5273	10.3
5274	9.7
5275	8.5
5276	7.2
5277	6.6
5278	6
5279	5.8
5280	5.5
5281	5.8
5282	5.5
5283	5.2
5284	5.3
5285	5.3
5286	5.7
5287	7
5288	8
5289	8.5
5290	8.9
5291	9.5
5292	9.8
5293	9.9
5294	10.5
5295	10.6
5296	10.6
5297	10.3
5298	9.7
5299	8.4
5300	7.2
5301	6.6
5302	5.9
5303	5.8
5304	5.5
5305	5.7
5306	5.5
5307	5.3
5308	5.4
5309	5.4
5310	5.8
5311	7
5312	8.1
5313	8.5
5314	8.9
5315	9.5
5316	9.8
5317	9.9
5318	10.5
5319	10.6
5320	10.6
5321	10.4
5322	9.7
5323	8.4
5324	7.2
5325	6.7
5326	6
5327	5.8
5328	5.5
5329	5.7
5330	5.5
5331	5.3
5332	5.4
5333	5.5
5334	5.8
5335	7
5336	8
5337	8.5
5338	8.9
5339	9.4
5340	9.8
5341	9.8
5342	10.5
5343	10.6
5344	10.7
5345	10.4
5346	9.7
5347	8.5
5348	7.3
5349	6.8
5350	6.1
5351	5.7
5352	5.5
5353	5.7
5354	5.5
5355	5.3
5356	5.4
5357	5.5
5358	5.8
5359	7
5360	8.1
5361	8.6
5362	9
5363	9.4
5364	9.8
5365	9.9
5366	10.5
5367	10.7
5368	10.7
5369	10.4
5370	9.7
5371	8.4
5372	7.3
5373	6.8
5374	6.1
5375	5.8
5376	5.5
5377	5.7
5378	5.5
5379	5.3
5380	5.4
5381	5.5
5382	5.7
5383	7
5384	8
5385	8.6
5386	8.9
5387	9.3
5388	9.7
5389	9.8
5390	10.5
5391	10.7
5392	10.6
5393	10.4
5394	9.7
5395	8.4
5396	7.2
5397	6.8
5398	6.2
5399	5.8
5400	5.5
5401	5.7
5402	5.5
5403	5.2
5404	5.5
5405	5.5
5406	5.7
5407	7
5408	8.1
5409	8.6
5410	9
5411	9.3
5412	9.8
5413	9.9
5414	10.5
5415	10.7
5416	10.7
5417	10.5
5418	9.8
5419	8.4
5420	7.4
5421	6.8
5422	6.2
5423	5.9
5424	5.6
5425	5.7
5426	5.6
5427	5.3
5428	5.6
5429	5.6
5430	5.9
5431	7
5432	8.1
5433	8.6
5434	9.1
5435	9.5
5436	9.9
5437	10
5438	10.7
5439	10.8
5440	10.7
5441	10.6
5442	9.8
5443	8.5
5444	7.4
5445	6.8
5446	6.3
5447	6
5448	5.6
5449	5.8
5450	5.5
5451	5.3
5452	5.5
5453	5.6
5454	5.9
5455	7
5456	8.2
5457	8.7
5458	9.1
5459	9.5
5460	9.9
5461	10
5462	10.6
5463	10.8
5464	10.8
5465	10.6
5466	9.8
5467	8.5
5468	7.4
5469	6.9
5470	6.3
5471	6
5472	5.6
5473	5.7
5474	5.6
5475	5.4
5476	5.6
5477	5.6
5478	5.9
5479	7
5480	8.2
5481	8.6
5482	9.1
5483	9.4
5484	9.8
5485	10
5486	10.5
5487	10.7
5488	10.7
5489	10.5
5490	9.8
5491	8.5
5492	7.4
5493	6.9
5494	6.3
5495	6
5496	5.7
5497	5.9
5498	5.6
5499	5.5
5500	5.6
5501	5.7
5502	5.9
5503	7
5504	8.2
5505	8.6
5506	9
5507	9.4
5508	9.8
5509	10
5510	10.5
5511	10.7
5512	10.7
5513	10.5
5514	9.8
5515	8.4
5516	7.3
5517	6.9
5518	6.4
5519	6
5520	5.7
5521	5.9
5522	5.7
5523	5.6
5524	5.6
5525	5.7
5526	5.9
5527	7.1
5528	8.1
5529	8.5
5530	8.9
5531	9.3
5532	9.7
5533	10
5534	10.4
5535	10.5
5536	10.6
5537	10.4
5538	9.7
5539	8.3
5540	7.3
5541	6.9
5542	6.4
5543	5.9
5544	5.8
5545	5.9
5546	5.8
5547	5.6
5548	5.7
5549	5.8
5550	6
5551	7.1
5552	8.2
5553	8.6
5554	9.1
5555	9.4
5556	9.9
5557	10.1
5558	10.6
5559	10.7
5560	10.8
5561	10.5
5562	9.8
5563	8.3
5564	7.4
5565	7
5566	6.5
5567	6.1
5568	6
5569	6
5570	5.9
5571	5.7
5572	5.8
5573	5.8
5574	6.1
5575	7.2
5576	8.2
5577	8.7
5578	9.1
5579	9.5
5580	9.9
5581	10.2
5582	10.6
5583	10.6
5584	10.8
5585	10.4
5586	9.7
5587	8.4
5588	7.4
5589	7
5590	6.5
5591	6.1
5592	6
5593	5.9
5594	5.9
5595	5.8
5596	5.8
5597	5.9
5598	6.1
5599	7.2
5600	8.2
5601	8.6
5602	9
5603	9.4
5604	9.9
5605	10.1
5606	10.6
5607	10.7
5608	10.8
5609	10.5
5610	9.8
5611	8.5
5612	7.5
5613	7.1
5614	6.6
5615	6.1
5616	6.1
5617	6
5618	6
5619	5.8
5620	5.9
5621	6
5622	6.1
5623	7.2
5624	8.3
5625	8.7
5626	9.1
5627	9.5
5628	10
5629	10.2
5630	10.6
5631	10.8
5632	10.9
5633	10.6
5634	9.8
5635	8.5
5636	7.6
5637	7
5638	6.6
5639	6.1
5640	6.1
5641	6.1
5642	6
5643	5.9
5644	5.9
5645	6
5646	6.2
5647	7.3
5648	8.4
5649	8.8
5650	9.3
5651	9.6
5652	10
5653	10.4
5654	10.6
5655	10.9
5656	11
5657	10.6
5658	9.8
5659	8.5
5660	7.5
5661	7.1
5662	6.7
5663	6.2
5664	6.1
5665	6.1
5666	6.1
5667	5.9
5668	5.9
5669	5.9
5670	6.2
5671	7.2
5672	8.2
5673	8.7
5674	9.2
5675	9.6
5676	9.9
5677	10.3
5678	10.6
5679	10.8
5680	10.9
5681	10.6
5682	9.8
5683	8.5
5684	7.5
5685	7.1
5686	6.7
5687	6.2
5688	6.1
5689	6.1
5690	6.1
5691	5.9
5692	5.8
5693	5.9
5694	6.1
5695	7.2
5696	8.3
5697	8.7
5698	9.3
5699	9.7
5700	9.9
5701	10.4
5702	10.6
5703	10.8
5704	10.9
5705	10.6
5706	9.8
5707	8.4
5708	7.5
5709	7
5710	6.6
5711	6.2
5712	6.1
5713	6.1
5714	6.1
5715	5.9
5716	5.7
5717	5.8
5718	6.1
5719	7.1
5720	8.3
5721	8.7
5722	9.3
5723	9.8
5724	9.9
5725	10.4
5726	10.6
5727	10.7
5728	10.9
5729	10.6
5730	9.8
5731	8.4
5732	7.5
5733	6.9
5734	6.6
5735	6.2
5736	6.1
5737	6
5738	6
5739	5.9
5740	5.7
5741	5.8
5742	6.2
5743	7.1
5744	8.3
5745	8.7
5746	9.3
5747	9.8
5748	10
5749	10.4
5750	10.6
5751	10.7
5752	10.8
5753	10.6
5754	9.7
5755	8.4
5756	7.5
5757	6.9
5758	6.6
5759	6.2
5760	6
5761	6
5762	6
5763	6
5764	5.6
5765	5.8
5766	6.2
5767	7.1
5768	8.3
5769	8.7
5770	9.3
5771	9.8
5772	10
5773	10.4
5774	10.6
5775	10.7
5776	10.8
5777	10.5
5778	9.6
5779	8.4
5780	7.5
5781	6.9
5782	6.5
5783	6.1
5784	6
5785	6
5786	6
5787	6
5788	5.6
5789	5.7
5790	6.1
5791	7
5792	8.3
5793	8.8
5794	9.3
5795	9.7
5796	10
5797	10.4
5798	10.6
5799	10.6
5800	10.8
5801	10.5
5802	9.6
5803	8.4
5804	7.5
5805	7
5806	6.5
5807	6.1
5808	6.1
5809	6
5810	6
5811	5.9
5812	5.5
5813	5.6
5814	6.1
5815	7
5816	8.2
5817	8.8
5818	9.3
5819	9.8
5820	10.1
5821	10.4
5822	10.6
5823	10.7
5824	10.8
5825	10.4
5826	9.6
5827	8.4
5828	7.5
5829	7.1
5830	6.6
5831	6.2
5832	6.1
5833	6
5834	6
5835	6
5836	5.6
5837	5.7
5838	6.1
5839	7
5840	8.3
5841	8.9
5842	9.4
5843	9.8
5844	10.2
5845	10.5
5846	10.7
5847	10.8
5848	10.7
5849	10.4
5850	9.5
5851	8.3
5852	7.5
5853	7
5854	6.5
5855	6.2
5856	6.1
5857	6
5858	6
5859	6
5860	5.6
5861	5.7
5862	6.1
5863	7
5864	8.3
5865	8.9
5866	9.5
5867	9.9
5868	10.2
5869	10.5
5870	10.7
5871	10.8
5872	10.7
5873	10.5
5874	9.5
5875	8.2
5876	7.5
5877	7
5878	6.6
5879	6.3
5880	6.2
5881	6
5882	6.1
5883	6.1
5884	5.7
5885	5.8
5886	6.2
5887	7.1
5888	8.4
5889	9
5890	9.6
5891	10.1
5892	10.3
5893	10.7
5894	10.8
5895	11
5896	11
5897	10.7
5898	9.6
5899	8.3
5900	7.6
5901	7.2
5902	6.7
5903	6.4
5904	6.3
5905	6.1
5906	6.1
5907	6.2
5908	5.8
5909	5.8
5910	6.2
5911	7.1
5912	8.4
5913	9
5914	9.7
5915	10.1
5916	10.3
5917	10.6
5918	10.8
5919	10.9
5920	10.9
5921	10.6
5922	9.5
5923	8.2
5924	7.6
5925	7.2
5926	6.6
5927	6.4
5928	6.2
5929	6.1
5930	6.1
5931	6.1
5932	5.8
5933	5.8
5934	6.1
5935	7.1
5936	8.4
5937	9
5938	9.7
5939	10
5940	10.3
5941	10.5
5942	10.8
5943	10.9
5944	10.9
5945	10.6
5946	9.5
5947	8.2
5948	7.7
5949	7.3
5950	6.8
5951	6.6
5952	6.4
5953	6.2
5954	6.2
5955	6.2
5956	5.9
5957	5.9
5958	6.2
5959	7.1
5960	8.5
5961	9.1
5962	9.8
5963	10.2
5964	10.4
5965	10.7
5966	10.9
5967	11
5968	10.9
5969	10.6
5970	9.5
5971	8.2
5972	7.6
5973	7.3
5974	6.9
5975	6.7
5976	6.4
5977	6.3
5978	6.3
5979	6.2
5980	5.9
5981	5.9
5982	6.3
5983	7.1
5984	8.5
5985	9.1
5986	9.8
5987	10.1
5988	10.4
5989	10.7
5990	10.8
5991	10.9
5992	11
5993	10.6
5994	9.5
5995	8.2
5996	7.7
5997	7.5
5998	7
5999	6.7
6000	6.4
6001	6.4
6002	6.3
6003	6.2
6004	5.9
6005	5.9
6006	6.2
6007	7.1
6008	8.5
6009	9.1
6010	9.8
6011	10
6012	10.4
6013	10.7
6014	10.8
6015	10.9
6016	10.9
6017	10.5
6018	9.5
6019	8.2
6020	7.8
6021	7.5
6022	7
6023	6.8
6024	6.5
6025	6.4
6026	6.3
6027	6.3
6028	6.1
6029	6.1
6030	6.3
6031	7.3
6032	8.7
6033	9.3
6034	9.9
6035	10.2
6036	10.6
6037	10.9
6038	11
6039	11.1
6040	11.1
6041	10.6
6042	9.5
6043	8.3
6044	7.9
6045	7.5
6046	7.1
6047	6.9
6048	6.7
6049	6.6
6050	6.4
6051	6.5
6052	6.2
6053	6.2
6054	6.4
6055	7.4
6056	8.7
6057	9.3
6058	9.9
6059	10.2
6060	10.6
6061	10.8
6062	11
6063	11.2
6064	11.1
6065	10.5
6066	9.4
6067	8.2
6068	7.9
6069	7.6
6070	7.2
6071	7
6072	6.7
6073	6.6
6074	6.4
6075	6.5
6076	6.2
6077	6.2
6078	6.4
6079	7.3
6080	8.7
6081	9.3
6082	9.9
6083	10.2
6084	10.6
6085	10.8
6086	11.1
6087	11.2
6088	11.1
6089	10.5
6090	9.4
6091	8.2
6092	7.9
6093	7.7
6094	7.3
6095	7.1
6096	6.9
6097	6.8
6098	6.5
6099	6.6
6100	6.3
6101	6.3
6102	6.5
6103	7.4
6104	8.8
6105	9.4
6106	10.1
6107	10.3
6108	10.7
6109	10.9
6110	11.2
6111	11.3
6112	11.2
6113	10.5
6114	9.4
6115	8.2
6116	8
6117	7.7
6118	7.4
6119	7.2
6120	7
6121	6.9
6122	6.7
6123	6.7
6124	6.5
6125	6.4
6126	6.6
6127	7.4
6128	8.8
6129	9.5
6130	10.2
6131	10.4
6132	10.7
6133	11
6134	11.2
6135	11.2
6136	11.1
6137	10.5
6138	9.4
6139	8.2
6140	8
6141	7.7
6142	7.5
6143	7.2
6144	7
6145	6.9
6146	6.7
6147	6.6
6148	6.6
6149	6.4
6150	6.5
6151	7.4
6152	8.8
6153	9.4
6154	10.2
6155	10.4
6156	10.7
6157	10.9
6158	11.1
6159	11.2
6160	11.1
6161	10.5
6162	9.4
6163	8.1
6164	8.1
6165	7.7
6166	7.5
6167	7.2
6168	7.1
6169	7
6170	6.9
6171	6.8
6172	6.8
6173	6.6
6174	6.7
6175	7.6
6176	8.9
6177	9.4
6178	10.2
6179	10.4
6180	10.7
6181	11
6182	11.2
6183	11.3
6184	11.1
6185	10.6
6186	9.4
6187	8.1
6188	8.1
6189	7.7
6190	7.6
6191	7.2
6192	7.1
6193	7.1
6194	6.9
6195	6.7
6196	6.8
6197	6.6
6198	6.7
6199	7.6
6200	9
6201	9.5
6202	10.3
6203	10.4
6204	10.8
6205	11
6206	11.2
6207	11.3
6208	11.2
6209	10.6
6210	9.4
6211	8.2
6212	8.2
6213	7.8
6214	7.7
6215	7.3
6216	7.3
6217	7.1
6218	7
6219	6.8
6220	6.8
6221	6.7
6222	6.8
6223	7.6
6224	8.9
6225	9.5
6226	10.3
6227	10.5
6228	10.7
6229	11
6230	11.2
6231	11.3
6232	11.1
6233	10.5
6234	9.4
6235	8.2
6236	8.3
6237	7.8
6238	7.7
6239	7.4
6240	7.2
6241	7.1
6242	6.9
6243	6.8
6244	6.8
6245	6.7
6246	6.8
6247	7.6
6248	8.9
6249	9.5
6250	10.3
6251	10.4
6252	10.8
6253	11
6254	11.2
6255	11.3
6256	11
6257	10.4
6258	9.2
6259	8.2
6260	8.2
6261	7.7
6262	7.7
6263	7.3
6264	7.2
6265	7.2
6266	6.9
6267	6.8
6268	6.9
6269	6.8
6270	6.9
6271	7.6
6272	9
6273	9.7
6274	10.3
6275	10.5
6276	10.9
6277	11
6278	11.3
6279	11.3
6280	10.9
6281	10.3
6282	9.2
6283	8.2
6284	8.1
6285	7.6
6286	7.7
6287	7.3
6288	7.2
6289	7.2
6290	6.8
6291	6.8
6292	6.9
6293	6.8
6294	6.9
6295	7.5
6296	9
6297	9.7
6298	10.3
6299	10.5
6300	10.9
6301	11.1
6302	11.2
6303	11.4
6304	11
6305	10.4
6306	9.1
6307	8.1
6308	8.1
6309	7.6
6310	7.6
6311	7.2
6312	7.1
6313	7.2
6314	6.9
6315	6.9
6316	6.9
6317	6.8
6318	7
6319	7.6
6320	9.1
6321	9.8
6322	10.4
6323	10.6
6324	11
6325	11.1
6326	11.2
6327	11.3
6328	11
6329	10.4
6330	9.1
6331	8.2
6332	8.2
6333	7.7
6334	7.6
6335	7.2
6336	7.2
6337	7.2
6338	6.8
6339	6.9
6340	6.9
6341	6.9
6342	7
6343	7.6
6344	9.1
6345	9.8
6346	10.5
6347	10.7
6348	11
6349	11.1
6350	11.2
6351	11.2
6352	10.9
6353	10.3
6354	9
6355	8.1
6356	8.1
6357	7.6
6358	7.7
6359	7.2
6360	7.2
6361	7.2
6362	6.9
6363	6.9
6364	6.9
6365	6.9
6366	7
6367	7.6
6368	9.1
6369	9.9
6370	10.5
6371	10.9
6372	11.1
6373	11.2
6374	11.3
6375	11.3
6376	11
6377	10.3
6378	9
6379	8.1
6380	8.2
6381	7.7
6382	7.7
6383	7.3
6384	7.2
6385	7.2
6386	6.9
6387	6.9
6388	6.9
6389	6.9
6390	7.1
6391	7.6
6392	9.1
6393	9.9
6394	10.5
6395	10.9
6396	11.2
6397	11.3
6398	11.3
6399	11.4
6400	10.9
6401	10.3
6402	9
6403	8.2
6404	8.2
6405	7.9
6406	7.8
6407	7.4
6408	7.3
6409	7.3
6410	7
6411	7.1
6412	7.1
6413	7.1
6414	7.2
6415	7.7
6416	9.2
6417	10.1
6418	10.7
6419	11
6420	11.3
6421	11.4
6422	11.5
6423	11.5
6424	11
6425	10.4
6426	9
6427	8.4
6428	8.4
6429	8
6430	8.1
6431	7.7
6432	7.6
6433	7.6
6434	7.3
6435	7.3
6436	7.3
6437	7.3
6438	7.4
6439	7.9
6440	9.3
6441	10.1
6442	10.7
6443	11
6444	11.4
6445	11.5
6446	11.5
6447	11.6
6448	11
6449	10.4
6450	9
6451	8.4
6452	8.4
6453	8
6454	8
6455	7.7
6456	7.6
6457	7.6
6458	7.4
6459	7.4
6460	7.3
6461	7.3
6462	7.4
6463	8
6464	9.3
6465	10.2
6466	10.6
6467	11
6468	11.4
6469	11.5
6470	11.4
6471	11.6
6472	11
6473	10.3
6474	9
6475	8.5
6476	8.4
6477	8.1
6478	8
6479	7.6
6480	7.5
6481	7.4
6482	7.3
6483	7.3
6484	7.2
6485	7.3
6486	7.4
6487	7.9
6488	9.2
6489	10.2
6490	10.6
6491	11.1
6492	11.5
6493	11.6
6494	11.5
6495	11.8
6496	11.2
6497	10.5
6498	9
6499	8.6
6500	8.5
6501	8.2
6502	8.2
6503	7.8
6504	7.6
6505	7.5
6506	7.5
6507	7.5
6508	7.3
6509	7.5
6510	7.5
6511	8
6512	9.4
6513	10.4
6514	10.8
6515	11.2
6516	11.6
6517	11.7
6518	11.6
6519	11.9
6520	11.3
6521	10.5
6522	9.1
6523	8.7
6524	8.5
6525	8.4
6526	8.3
6527	7.9
6528	7.7
6529	7.6
6530	7.5
6531	7.5
6532	7.3
6533	7.5
6534	7.5
6535	8
6536	9.4
6537	10.4
6538	10.7
6539	11.2
6540	11.7
6541	11.7
6542	11.7
6543	11.8
6544	11.3
6545	10.5
6546	9.1
6547	8.8
6548	8.6
6549	8.5
6550	8.4
6551	8.1
6552	7.8
6553	7.8
6554	7.6
6555	7.6
6556	7.4
6557	7.6
6558	7.6
6559	8
6560	9.4
6561	10.5
6562	10.9
6563	11.3
6564	11.8
6565	11.8
6566	11.8
6567	12
6568	11.5
6569	10.5
6570	9.2
6571	8.9
6572	8.7
6573	8.6
6574	8.4
6575	8.1
6576	7.9
6577	7.9
6578	7.7
6579	7.8
6580	7.5
6581	7.7
6582	7.6
6583	8.1
6584	9.5
6585	10.6
6586	10.9
6587	11.4
6588	11.9
6589	11.9
6590	11.9
6591	12
6592	11.6
6593	10.6
6594	9.2
6595	9
6596	8.7
6597	8.6
6598	8.6
6599	8.2
6600	7.9
6601	7.9
6602	7.8
6603	7.8
6604	7.5
6605	7.8
6606	7.7
6607	8.1
6608	9.4
6609	10.6
6610	10.9
6611	11.4
6612	11.9
6613	11.9
6614	11.8
6615	11.9
6616	11.7
6617	10.7
6618	9.2
6619	8.9
6620	8.7
6621	8.5
6622	8.5
6623	8
6624	7.7
6625	7.6
6626	7.7
6627	7.7
6628	7.4
6629	7.6
6630	7.6
6631	8
6632	9.3
6633	10.5
6634	10.8
6635	11.4
6636	11.8
6637	11.8
6638	11.8
6639	12
6640	11.7
6641	10.7
6642	9.3
6643	9
6644	8.8
6645	8.7
6646	8.6
6647	8.1
6648	7.8
6649	7.7
6650	7.7
6651	7.6
6652	7.4
6653	7.6
6654	7.7
6655	8.1
6656	9.4
6657	10.6
6658	10.9
6659	11.4
6660	11.8
6661	11.8
6662	11.9
6663	12
6664	11.7
6665	10.7
6666	9.3
6667	9.1
6668	8.8
6669	8.8
6670	8.5
6671	8.1
6672	7.8
6673	7.6
6674	7.6
6675	7.6
6676	7.4
6677	7.5
6678	7.5
6679	8
6680	9.2
6681	10.5
6682	10.8
6683	11.3
6684	11.8
6685	11.7
6686	11.8
6687	12
6688	11.6
6689	10.5
6690	9.1
6691	8.9
6692	8.7
6693	8.7
6694	8.5
6695	8.1
6696	7.9
6697	7.6
6698	7.7
6699	7.6
6700	7.4
6701	7.5
6702	7.6
6703	8.1
6704	9.3
6705	10.5
6706	10.9
6707	11.2
6708	11.8
6709	11.8
6710	12
6711	12.2
6712	11.7
6713	10.7
6714	9.2
6715	9
6716	8.8
6717	8.7
6718	8.5
6719	8.2
6720	7.9
6721	7.7
6722	7.8
6723	7.6
6724	7.5
6725	7.6
6726	7.7
6727	8.1
6728	9.4
6729	10.5
6730	10.9
6731	11.2
6732	11.7
6733	11.8
6734	11.9
6735	12.1
6736	11.7
6737	10.6
6738	9.2
6739	9
6740	8.9
6741	8.7
6742	8.6
6743	8.2
6744	7.9
6745	7.7
6746	7.9
6747	7.6
6748	7.5
6749	7.7
6750	7.7
6751	8.1
6752	9.4
6753	10.4
6754	10.9
6755	11.2
6756	11.7
6757	11.7
6758	11.9
6759	12.1
6760	11.8
6761	10.7
6762	9.3
6763	9
6764	8.9
6765	8.7
6766	8.5
6767	8.1
6768	8
6769	7.7
6770	7.9
6771	7.6
6772	7.5
6773	7.6
6774	7.7
6775	8.1
6776	9.4
6777	10.4
6778	10.9
6779	11.2
6780	11.7
6781	11.7
6782	11.8
6783	12
6784	11.6
6785	10.7
6786	9.3
6787	8.9
6788	8.9
6789	8.7
6790	8.4
6791	8
6792	7.9
6793	7.7
6794	7.8
6795	7.6
6796	7.5
6797	7.6
6798	7.8
6799	8.2
6800	9.4
6801	10.6
6802	11.1
6803	11.3
6804	11.8
6805	11.8
6806	11.9
6807	12
6808	11.7
6809	10.7
6810	9.3
6811	8.9
6812	8.9
6813	8.7
6814	8.5
6815	8.1
6816	8
6817	7.8
6818	7.8
6819	7.7
6820	7.6
6821	7.6
6822	7.8
6823	8.2
6824	9.4
6825	10.7
6826	11.2
6827	11.4
6828	11.8
6829	11.9
6830	12
6831	12.2
6832	11.7
6833	10.7
6834	9.2
6835	9
6836	8.9
6837	8.8
6838	8.5
6839	8.2
6840	8.1
6841	7.9
6842	7.9
6843	7.8
6844	7.7
6845	7.8
6846	7.9
6847	8.4
6848	9.6
6849	10.7
6850	11.3
6851	11.4
6852	11.9
6853	11.9
6854	12.1
6855	12.2
6856	11.7
6857	10.6
6858	9.3
6859	9
6860	9
6861	8.8
6862	8.6
6863	8.2
6864	8
6865	8
6866	7.9
6867	7.8
6868	7.8
6869	7.9
6870	8
6871	8.4
6872	9.6
6873	10.7
6874	11.3
6875	11.3
6876	11.8
6877	11.9
6878	12.1
6879	12.1
6880	11.7
6881	10.6
6882	9.2
6883	8.9
6884	8.9
6885	8.7
6886	8.5
6887	8.2
6888	8
6889	7.9
6890	7.9
6891	7.8
6892	7.7
6893	7.7
6894	7.9
6895	8.3
6896	9.5
6897	10.7
6898	11.2
6899	11.3
6900	11.7
6901	11.8
6902	12
6903	12.1
6904	11.6
6905	10.5
6906	9.2
6907	8.9
6908	8.9
6909	8.6
6910	8.4
6911	8
6912	7.9
6913	7.9
6914	7.9
6915	7.8
6916	7.7
6917	7.7
6918	7.9
6919	8.3
6920	9.6
6921	10.7
6922	11.2
6923	11.2
6924	11.7
6925	11.8
6926	12.1
6927	12.1
6928	11.5
6929	10.5
6930	9.2
6931	8.9
6932	8.9
6933	8.6
6934	8.4
6935	8.1
6936	8
6937	7.9
6938	7.9
6939	7.7
6940	7.8
6941	7.7
6942	7.9
6943	8.3
6944	9.6
6945	10.7
6946	11.3
6947	11.2
6948	11.8
6949	11.9
6950	12.1
6951	12.2
6952	11.4
6953	10.4
6954	9.2
6955	8.8
6956	8.8
6957	8.6
6958	8.4
6959	8.1
6960	8
6961	7.9
6962	7.9
6963	7.7
6964	7.7
6965	7.7
6966	7.9
6967	8.3
6968	9.5
6969	10.6
6970	11.3
6971	11.2
6972	11.8
6973	11.9
6974	12.2
6975	12.2
6976	11.3
6977	10.3
6978	9.2
6979	9
6980	9
6981	8.8
6982	8.6
6983	8.3
6984	8.3
6985	8.3
6986	8.2
6987	8.1
6988	8
6989	8
6990	8.1
6991	8.6
6992	9.7
6993	10.7
6994	11.4
6995	11.3
6996	11.9
6997	12
6998	12.3
6999	12.2
7000	11.3
7001	10.3
7002	9.3
7003	9
7004	9
7005	8.7
7006	8.6
7007	8.4
7008	8.4
7009	8.3
7010	8.3
7011	8.2
7012	8.2
7013	8.1
7014	8.2
7015	8.7
7016	9.9
7017	10.8
7018	11.5
7019	11.5
7020	12.1
7021	12.2
7022	12.5
7023	12.3
7024	11.4
7025	10.4
7026	9.4
7027	9.1
7028	9.1
7029	8.9
7030	8.8
7031	8.6
7032	8.6
7033	8.5
7034	8.5
7035	8.4
7036	8.4
7037	8.3
7038	8.5
7039	8.9
7040	10
7041	11
7042	11.7
7043	11.7
7044	12.2
7045	12.3
7046	12.6
7047	12.5
7048	11.5
7049	10.5
7050	9.5
7051	9.3
7052	9.3
7053	9
7054	8.9
7055	8.6
7056	8.6
7057	8.5
7058	8.5
7059	8.5
7060	8.4
7061	8.4
7062	8.5
7063	8.9
7064	10.1
7065	11.1
7066	11.6
7067	11.7
7068	12.2
7069	12.2
7070	12.6
7071	12.4
7072	11.5
7073	10.3
7074	9.5
7075	9.3
7076	9.3
7077	9.1
7078	9
7079	8.7
7080	8.7
7081	8.7
7082	8.5
7083	8.6
7084	8.5
7085	8.5
7086	8.6
7087	9.1
7088	10.2
7089	11.3
7090	11.8
7091	11.9
7092	12.3
7093	12.3
7094	12.7
7095	12.4
7096	11.6
7097	10.4
7098	9.7
7099	9.6
7100	9.5
7101	9.3
7102	9.2
7103	8.9
7104	8.9
7105	8.9
7106	8.7
7107	8.7
7108	8.7
7109	8.6
7110	8.8
7111	9.2
7112	10.3
7113	11.4
7114	11.8
7115	11.9
7116	12.4
7117	12.4
7118	12.7
7119	12.4
7120	11.5
7121	10.4
7122	9.7
7123	9.6
7124	9.5
7125	9.3
7126	9.3
7127	8.9
7128	8.9
7129	8.9
7130	8.7
7131	8.7
7132	8.7
7133	8.6
7134	8.8
7135	9.2
7136	10.3
7137	11.4
7138	11.8
7139	11.9
7140	12.3
7141	12.4
7142	12.7
7143	12.4
7144	11.6
7145	10.5
7146	9.7
7147	9.7
7148	9.6
7149	9.4
7150	9.4
7151	9.1
7152	9
7153	9
7154	8.9
7155	8.9
7156	8.8
7157	8.8
7158	8.8
7159	9.2
7160	10.3
7161	11.3
7162	11.7
7163	11.8
7164	12.3
7165	12.3
7166	12.7
7167	12.4
7168	11.6
7169	10.5
7170	9.8
7171	9.7
7172	9.6
7173	9.4
7174	9.5
7175	9.1
7176	9
7177	9
7178	9
7179	8.9
7180	8.9
7181	8.8
7182	8.9
7183	9.2
7184	10.3
7185	11.3
7186	11.7
7187	11.9
7188	12.3
7189	12.3
7190	12.7
7191	12.3
7192	11.6
7193	10.5
7194	9.8
7195	9.8
7196	9.6
7197	9.6
7198	9.6
7199	9.2
7200	9.2
7201	9.2
7202	9.1
7203	9.1
7204	9
7205	8.9
7206	8.9
7207	9.3
7208	10.3
7209	11.4
7210	11.7
7211	11.9
7212	12.3
7213	12.3
7214	12.7
7215	12.3
7216	11.5
7217	10.4
7218	9.8
7219	9.8
7220	9.7
7221	9.6
7222	9.6
7223	9.2
7224	9.2
7225	9.1
7226	9.1
7227	9.1
7228	9
7229	8.8
7230	8.9
7231	9.2
7232	10.2
7233	11.4
7234	11.7
7235	12
7236	12.3
7237	12.3
7238	12.6
7239	12.3
7240	11.5
7241	10.4
7242	9.9
7243	9.9
7244	9.8
7245	9.8
7246	9.6
7247	9.3
7248	9.3
7249	9.3
7250	9.3
7251	9.2
7252	9.2
7253	9
7254	9.1
7255	9.4
7256	10.3
7257	11.5
7258	11.8
7259	12.2
7260	12.5
7261	12.4
7262	12.7
7263	12.4
7264	11.6
7265	10.5
7266	9.9
7267	9.9
7268	9.8
7269	9.8
7270	9.6
7271	9.3
7272	9.3
7273	9.2
7274	9.2
7275	9.1
7276	9.1
7277	9
7278	9
7279	9.3
7280	10.1
7281	11.4
7282	11.8
7283	12.2
7284	12.4
7285	12.4
7286	12.7
7287	12.3
7288	11.6
7289	10.4
7290	9.8
7291	9.8
7292	9.8
7293	9.8
7294	9.6
7295	9.3
7296	9.3
7297	9.2
7298	9.2
7299	9.1
7300	9.1
7301	8.9
7302	9
7303	9.3
7304	10.1
7305	11.4
7306	11.7
7307	12.1
7308	12.3
7309	12.3
7310	12.6
7311	12.2
7312	11.6
7313	10.4
7314	9.9
7315	9.9
7316	9.9
7317	9.9
7318	9.7
7319	9.4
7320	9.4
7321	9.3
7322	9.3
7323	9.2
7324	9.2
7325	9.1
7326	9.1
7327	9.4
7328	10.2
7329	11.5
7330	11.9
7331	12.2
7332	12.4
7333	12.4
7334	12.7
7335	12.3
7336	11.8
7337	10.6
7338	10
7339	10
7340	10
7341	10
7342	9.8
7343	9.5
7344	9.4
7345	9.4
7346	9.4
7347	9.3
7348	9.3
7349	9.2
7350	9.2
7351	9.5
7352	10.4
7353	11.6
7354	12
7355	12.4
7356	12.5
7357	12.5
7358	12.8
7359	12.4
7360	12
7361	10.7
7362	10.2
7363	10.2
7364	10.2
7365	10.3
7366	10
7367	9.7
7368	9.6
7369	9.6
7370	9.6
7371	9.5
7372	9.5
7373	9.4
7374	9.4
7375	9.6
7376	10.4
7377	11.6
7378	11.9
7379	12.4
7380	12.4
7381	12.3
7382	12.6
7383	12.3
7384	11.8
7385	10.6
7386	10.2
7387	10.1
7388	10.2
7389	10.2
7390	9.8
7391	9.6
7392	9.6
7393	9.5
7394	9.5
7395	9.3
7396	9.3
7397	9.3
7398	9.2
7399	9.5
7400	10.3
7401	11.5
7402	11.8
7403	12.3
7404	12.3
7405	12.3
7406	12.5
7407	12.1
7408	11.7
7409	10.6
7410	10.1
7411	10.1
7412	10.1
7413	10.1
7414	9.9
7415	9.6
7416	9.6
7417	9.6
7418	9.5
7419	9.4
7420	9.4
7421	9.3
7422	9.3
7423	9.5
7424	10.3
7425	11.5
7426	11.9
7427	12.3
7428	12.4
7429	12.4
7430	12.6
7431	12.2
7432	11.8
7433	10.6
7434	10.2
7435	10.1
7436	10.2
7437	10.2
7438	9.9
7439	9.8
7440	9.6
7441	9.5
7442	9.5
7443	9.3
7444	9.3
7445	9.3
7446	9.2
7447	9.3
7448	10.1
7449	11.3
7450	11.7
7451	12.2
7452	12.3
7453	12.3
7454	12.5
7455	12.1
7456	11.6
7457	10.6
7458	10.2
7459	9.9
7460	10.1
7461	10.1
7462	9.8
7463	9.7
7464	9.5
7465	9.5
7466	9.4
7467	9.2
7468	9.2
7469	9.2
7470	9.1
7471	9.3
7472	10.1
7473	11.2
7474	11.7
7475	12.2
7476	12.4
7477	12.4
7478	12.6
7479	12.2
7480	11.7
7481	10.6
7482	10.2
7483	10.1
7484	10.3
7485	10.3
7486	9.9
7487	9.9
7488	9.7
7489	9.7
7490	9.6
7491	9.4
7492	9.4
7493	9.3
7494	9.3
7495	9.5
7496	10.2
7497	11.4
7498	11.9
7499	12.3
7500	12.5
7501	12.5
7502	12.7
7503	12.4
7504	11.8
7505	10.6
7506	10.3
7507	10.1
7508	10.3
7509	10.3
7510	9.9
7511	9.9
7512	9.6
7513	9.6
7514	9.5
7515	9.4
7516	9.3
7517	9.3
7518	9.3
7519	9.4
7520	10.1
7521	11.3
7522	11.8
7523	12.3
7524	12.5
7525	12.5
7526	12.6
7527	12.2
7528	11.7
7529	10.5
7530	10.2
7531	10.1
7532	10.3
7533	10.3
7534	9.8
7535	9.9
7536	9.6
7537	9.5
7538	9.4
7539	9.3
7540	9.2
7541	9.3
7542	9.2
7543	9.4
7544	10
7545	11.2
7546	11.8
7547	12.1
7548	12.4
7549	12.4
7550	12.5
7551	12.2
7552	11.7
7553	10.6
7554	10.3
7555	10
7556	10.2
7557	10.2
7558	9.9
7559	9.9
7560	9.6
7561	9.5
7562	9.4
7563	9.3
7564	9.2
7565	9.3
7566	9.3
7567	9.4
7568	10.1
7569	11.3
7570	11.8
7571	12.1
7572	12.4
7573	12.4
7574	12.4
7575	12.3
7576	11.8
7577	10.7
7578	10.4
7579	10.1
7580	10.3
7581	10.4
7582	10
7583	10.1
7584	9.7
7585	9.6
7586	9.4
7587	9.4
7588	9.3
7589	9.3
7590	9.4
7591	9.5
7592	10.1
7593	11.2
7594	11.8
7595	12.1
7596	12.4
7597	12.5
7598	12.4
7599	12.3
7600	11.9
7601	10.8
7602	10.5
7603	10.2
7604	10.4
7605	10.5
7606	10.1
7607	10.1
7608	9.8
7609	9.7
7610	9.4
7611	9.4
7612	9.3
7613	9.4
7614	9.4
7615	9.5
7616	10.1
7617	11.2
7618	11.7
7619	12
7620	12.4
7621	12.4
7622	12.3
7623	12.3
7624	11.8
7625	10.8
7626	10.6
7627	10.3
7628	10.5
7629	10.6
7630	10.2
7631	10.3
7632	9.9
7633	9.8
7634	9.5
7635	9.5
7636	9.4
7637	9.4
7638	9.5
7639	9.5
7640	10.1
7641	11.2
7642	11.8
7643	12.1
7644	12.4
7645	12.4
7646	12.3
7647	12.3
7648	11.8
7649	10.9
7650	10.6
7651	10.4
7652	10.5
7653	10.6
7654	10.3
7655	10.3
7656	10
7657	9.9
7658	9.6
7659	9.6
7660	9.5
7661	9.5
7662	9.6
7663	9.7
7664	10.2
7665	11.3
7666	11.9
7667	12.2
7668	12.4
7669	12.5
7670	12.4
7671	12.4
7672	12
7673	11
7674	10.8
7675	10.5
7676	10.5
7677	10.7
7678	10.4
7679	10.4
7680	10.1
7681	9.9
7682	9.7
7683	9.8
7684	9.5
7685	9.6
7686	9.7
7687	9.7
7688	10.3
7689	11.4
7690	11.9
7691	12.3
7692	12.5
7693	12.5
7694	12.4
7695	12.4
7696	12
7697	11
7698	10.7
7699	10.5
7700	10.6
7701	10.7
7702	10.4
7703	10.4
7704	10.2
7705	10
7706	9.7
7707	9.7
7708	9.4
7709	9.5
7710	9.6
7711	9.6
7712	10.2
7713	11.2
7714	11.7
7715	12.1
7716	12.3
7717	12.4
7718	12.3
7719	12.2
7720	11.8
7721	10.8
7722	10.5
7723	10.2
7724	10.3
7725	10.4
7726	10.2
7727	10.3
7728	10
7729	9.8
7730	9.6
7731	9.5
7732	9.3
7733	9.3
7734	9.4
7735	9.4
7736	10.1
7737	11.1
7738	11.7
7739	12.1
7740	12.3
7741	12.5
7742	12.4
7743	12.3
7744	11.9
7745	11
7746	10.7
7747	10.5
7748	10.6
7749	10.6
7750	10.5
7751	10.5
7752	10.1
7753	9.9
7754	9.8
7755	9.7
7756	9.5
7757	9.5
7758	9.5
7759	9.6
7760	10.1
7761	11.2
7762	11.7
7763	12.2
7764	12.4
7765	12.5
7766	12.4
7767	12.4
7768	11.9
7769	11
7770	10.8
7771	10.6
7772	10.7
7773	10.8
7774	10.6
7775	10.6
7776	10.2
7777	10
7778	9.9
7779	9.8
7780	9.6
7781	9.7
7782	9.7
7783	9.7
7784	10.2
7785	11.3
7786	11.7
7787	12.1
7788	12.3
7789	12.5
7790	12.4
7791	12.3
7792	11.8
7793	11.1
7794	10.7
7795	10.6
7796	10.7
7797	10.7
7798	10.6
7799	10.5
7800	10.2
7801	10.1
7802	10
7803	9.9
7804	9.7
7805	9.7
7806	9.7
7807	9.8
7808	10.3
7809	11.3
7810	11.7
7811	12.1
7812	12.3
7813	12.5
7814	12.3
7815	12.3
7816	11.9
7817	11.1
7818	10.7
7819	10.7
7820	10.7
7821	10.8
7822	10.7
7823	10.6
7824	10.3
7825	10.2
7826	10.1
7827	10
7828	9.9
7829	9.8
7830	9.8
7831	9.8
7832	10.4
7833	11.3
7834	11.8
7835	12.1
7836	12.3
7837	12.5
7838	12.3
7839	12.3
7840	11.9
7841	11.2
7842	10.8
7843	10.7
7844	10.8
7845	10.8
7846	10.7
7847	10.5
7848	10.3
7849	10.1
7850	10
7851	9.9
7852	9.8
7853	9.8
7854	9.8
7855	9.8
7856	10.4
7857	11.2
7858	11.7
7859	12.1
7860	12.3
7861	12.5
7862	12.3
7863	12.3
7864	11.9
7865	11.2
7866	10.8
7867	10.9
7868	10.9
7869	10.9
7870	10.8
7871	10.6
7872	10.3
7873	10.2
7874	10.1
7875	10
7876	9.8
7877	9.9
7878	9.9
7879	9.8
7880	10.4
7881	11.3
7882	11.7
7883	12.2
7884	12.3
7885	12.6
7886	12.4
7887	12.3
7888	11.9
7889	11.3
7890	11
7891	11
7892	11
7893	11.1
7894	11
7895	10.7
7896	10.5
7897	10.4
7898	10.3
7899	10
7900	9.9
7901	9.8
7902	9.9
7903	9.8
7904	10.4
7905	11.3
7906	11.7
7907	12.2
7908	12.3
7909	12.5
7910	12.4
7911	12.3
7912	12
7913	11.3
7914	11
7915	11.1
7916	11.1
7917	11.1
7918	10.8
7919	10.6
7920	10.4
7921	10.3
7922	10.2
7923	10
7924	9.9
7925	9.8
7926	9.8
7927	9.8
7928	10.4
7929	11.2
7930	11.5
7931	12.2
7932	12.2
7933	12.4
7934	12.3
7935	12.2
7936	11.8
7937	11.1
7938	10.9
7939	11
7940	11
7941	10.9
7942	10.7
7943	10.5
7944	10.3
7945	10.2
7946	10.2
7947	9.9
7948	9.8
7949	9.8
7950	9.8
7951	9.7
7952	10.3
7953	11.1
7954	11.4
7955	12.1
7956	12.2
7957	12.4
7958	12.4
7959	12.3
7960	11.8
7961	11.2
7962	10.9
7963	11
7964	11
7965	10.9
7966	10.7
7967	10.5
7968	10.4
7969	10.2
7970	10.2
7971	9.9
7972	9.9
7973	9.8
7974	9.8
7975	9.7
7976	10.4
7977	11.2
7978	11.5
7979	12.1
7980	12.2
7981	12.5
7982	12.4
7983	12.2
7984	11.8
7985	11.2
7986	10.9
7987	11
7988	11
7989	10.9
7990	10.8
7991	10.5
7992	10.4
7993	10.2
7994	10.2
7995	10
7996	9.9
7997	9.8
7998	9.9
7999	9.8
8000	10.5
8001	11.2
8002	11.5
8003	12
8004	12.2
8005	12.5
8006	12.3
8007	12.2
8008	11.8
8009	11.1
8010	10.8
8011	11
8012	11
8013	10.9
8014	10.7
8015	10.5
8016	10.3
8017	10.1
8018	10.1
8019	9.9
8020	9.8
8021	9.7
8022	9.8
8023	9.8
8024	10.3
8025	11
8026	11.3
8027	11.8
8028	12
8029	12.3
8030	12.2
8031	12
8032	11.7
8033	11
8034	10.7
8035	10.9
8036	10.9
8037	10.8
8038	10.6
8039	10.3
8040	10.1
8041	10
8042	9.8
8043	9.7
8044	9.6
8045	9.5
8046	9.6
8047	9.6
8048	10.1
8049	10.8
8050	11.2
8051	11.8
8052	11.9
8053	12.2
8054	12.1
8055	11.9
8056	11.6
8057	10.9
8058	10.7
8059	10.9
8060	10.9
8061	10.8
8062	10.5
8063	10.3
8064	10
8065	9.9
8066	9.8
8067	9.6
8068	9.6
8069	9.4
8070	9.6
8071	9.6
8072	10
8073	10.8
8074	11.2
8075	11.7
8076	11.9
8077	12.2
8078	12.1
8079	12
8080	11.6
8081	11
8082	10.7
8083	11
8084	11
8085	10.9
8086	10.6
8087	10.4
8088	10.1
8089	9.9
8090	9.8
8091	9.7
8092	9.6
8093	9.5
8094	9.6
8095	9.6
8096	10
8097	10.7
8098	11.2
8099	11.7
8100	11.9
8101	12.2
8102	12
8103	11.9
8104	11.5
8105	10.9
8106	10.5
8107	10.7
8108	10.8
8109	10.8
8110	10.5
8111	10.2
8112	9.9
8113	9.8
8114	9.7
8115	9.6
8116	9.5
8117	9.3
8118	9.5
8119	9.5
8120	10
8121	10.7
8122	11.2
8123	11.6
8124	11.8
8125	12.2
8126	11.9
8127	11.8
8128	11.5
8129	10.8
8130	10.5
8131	10.7
8132	10.8
8133	10.7
8134	10.4
8135	10.2
8136	9.8
8137	9.8
8138	9.6
8139	9.5
8140	9.3
8141	9.2
8142	9.4
8143	9.4
8144	9.9
8145	10.6
8146	11.1
8147	11.6
8148	11.8
8149	12.1
8150	11.8
8151	11.8
8152	11.4
8153	10.8
8154	10.6
8155	10.7
8156	10.8
8157	10.7
8158	10.4
8159	10.2
8160	9.9
8161	9.8
8162	9.6
8163	9.5
8164	9.5
8165	9.2
8166	9.5
8167	9.6
8168	10
8169	10.7
8170	11.2
8171	11.7
8172	11.8
8173	12.1
8174	11.9
8175	11.8
8176	11.4
8177	10.7
8178	10.6
8179	10.6
8180	10.8
8181	10.7
8182	10.4
8183	10.2
8184	9.9
8185	9.7
8186	9.6
8187	9.5
8188	9.3
8189	9.2
8190	9.4
8191	9.5
8192	9.8
8193	10.5
8194	11.1
8195	11.7
8196	11.6
8197	12
8198	11.8
8199	11.6
8200	11.3
8201	10.7
8202	10.6
8203	10.6
8204	10.7
8205	10.7
8206	10.4
8207	10.2
8208	9.9
8209	9.7
8210	9.5
8211	9.4
8212	9.3
8213	9.2
8214	9.3
8215	9.5
8216	9.8
8217	10.5
8218	11
8219	11.6
8220	11.6
8221	11.9
8222	11.6
8223	11.4
8224	11.1
8225	10.6
8226	10.4
8227	10.5
8228	10.6
8229	10.6
8230	10.3
8231	10
8232	9.8
8233	9.5
8234	9.3
8235	9.3
8236	9.3
8237	9.1
8238	9.3
8239	9.5
8240	9.7
8241	10.4
8242	11
8243	11.5
8244	11.6
8245	11.8
8246	11.5
8247	11.4
8248	11
8249	10.5
8250	10.2
8251	10.3
8252	10.5
8253	10.4
8254	10.2
8255	9.8
8256	9.6
8257	9.4
8258	9.1
8259	9.3
8260	9.3
8261	9.2
8262	9.3
8263	9.5
8264	9.8
8265	10.5
8266	11.1
8267	11.6
8268	11.6
8269	11.9
8270	11.6
8271	11.4
8272	11.1
8273	10.5
8274	10.3
8275	10.3
8276	10.5
8277	10.4
8278	10.2
8279	9.9
8280	9.6
8281	9.4
8282	9.1
8283	9.2
8284	9.3
8285	9.2
8286	9.3
8287	9.6
8288	9.8
8289	10.6
8290	11.2
8291	11.6
8292	11.7
8293	12
8294	11.7
8295	11.5
8296	11.2
8297	10.5
8298	10.3
8299	10.4
8300	10.5
8301	10.5
8302	10.3
8303	9.8
8304	9.6
8305	9.5
8306	9.1
8307	9.3
8308	9.3
8309	9.3
8310	9.3
8311	9.7
8312	9.8
8313	10.6
8314	11.2
8315	11.6
8316	11.7
8317	12
8318	11.6
8319	11.5
8320	11.1
8321	10.4
8322	10.2
8323	10.3
8324	10.5
8325	10.4
8326	10.2
8327	9.8
8328	9.5
8329	9.5
8330	9.1
8331	9.3
8332	9.2
8333	9.2
8334	9.4
8335	9.7
8336	9.8
8337	10.6
8338	11.2
8339	11.6
8340	11.7
8341	11.9
8342	11.6
8343	11.5
8344	11.1
8345	10.5
8346	10.3
8347	10.3
8348	10.5
8349	10.4
8350	10.1
8351	9.8
8352	9.5
8353	9.5
8354	9.1
8355	9.3
8356	9.3
8357	9.3
8358	9.4
8359	9.7
8360	9.8
8361	10.6
8362	11.2
8363	11.7
8364	11.8
8365	12
8366	11.7
8367	11.5
8368	11.1
8369	10.5
8370	10.5
8371	10.5
8372	10.5
8373	10.5
8374	10.3
8375	9.9
8376	9.6
8377	9.7
8378	9.3
8379	9.5
8380	9.5
8381	9.6
8382	9.7
8383	9.9
8384	10
8385	10.8
8386	11.4
8387	11.8
8388	12
8389	12.2
8390	11.9
8391	11.7
8392	11.3
8393	10.7
8394	10.6
8395	10.6
8396	10.7
8397	10.7
8398	10.4
8399	10.1
8400	9.9
8401	9.9
8402	9.5
8403	9.7
8404	9.8
8405	9.8
8406	10
8407	10.1
8408	10.2
8409	10.9
8410	11.5
8411	11.9
8412	12.1
8413	12.3
8414	11.9
8415	11.7
8416	11.3
8417	10.7
8418	10.7
8419	10.7
8420	10.6
8421	10.6
8422	10.5
8423	10.1
8424	10
8425	10
8426	9.6
8427	9.9
8428	9.9
8429	9.9
8430	10
8431	10.3
8432	10.3
8433	11
8434	11.6
8435	11.9
8436	12.2
8437	12.3
8438	11.9
8439	11.7
8440	11.4
8441	10.8
8442	10.8
8443	10.7
8444	10.7
8445	10.6
8446	10.5
8447	10.1
8448	9.9
8449	10
8450	9.5
8451	9.8
8452	9.8
8453	9.9
8454	10
8455	10.2
8456	10.3
8457	11
8458	11.5
8459	11.9
8460	12.2
8461	12.2
8462	11.9
8463	11.7
8464	11.4
8465	10.8
8466	10.9
8467	10.7
8468	10.8
8469	10.7
8470	10.5
8471	10.2
8472	10
8473	10
8474	9.6
8475	9.9
8476	9.9
8477	9.9
8478	10
8479	10.2
8480	10.2
8481	11
8482	11.5
8483	11.9
8484	12.2
8485	12.2
8486	11.9
8487	11.7
8488	11.3
8489	10.7
8490	10.8
8491	10.7
8492	10.8
8493	10.7
8494	10.6
8495	10.2
8496	10.1
8497	10
8498	9.7
8499	9.9
8500	9.9
8501	9.9
8502	10.1
8503	10.3
8504	10.2
8505	11
8506	11.5
8507	11.9
8508	12.2
8509	12.3
8510	12
8511	11.7
8512	11.4
8513	10.8
8514	10.9
8515	10.8
8516	10.8
8517	10.7
8518	10.6
8519	10.2
8520	10.1
8521	10
8522	9.7
8523	9.9
8524	9.8
8525	9.9
8526	10
8527	10.1
8528	10.1
8529	10.9
8530	11.5
8531	11.8
8532	12.2
8533	12.2
8534	12
8535	11.8
8536	11.4
8537	10.8
8538	10.8
8539	10.7
8540	10.7
8541	10.6
8542	10.5
8543	10.1
8544	10
8545	10
8546	9.6
8547	9.8
8548	9.8
8549	9.8
8550	9.9
8551	9.9
8552	10
8553	10.8
8554	11.4
8555	11.8
8556	12.2
8557	12.2
8558	12
8559	11.8
8560	11.3
8561	10.7
8562	10.7
8563	10.6
8564	10.7
8565	10.6
8566	10.5
8567	10.1
8568	10
8569	10
8570	9.7
8571	9.9
8572	9.9
8573	9.9
8574	10
8575	10
8576	10
8577	10.8
8578	11.3
8579	11.8
8580	12.1
8581	12.1
8582	11.9
8583	11.8
8584	11.3
8585	10.7
8586	10.7
8587	10.5
8588	10.7
8589	10.6
8590	10.5
8591	10.3
8592	10.1
8593	10.2
8594	9.8
8595	10.1
8596	10
8597	10
8598	10.1
8599	10
8600	10
8601	10.8
8602	11.4
8603	11.8
8604	12.2
8605	12.1
8606	11.9
8607	11.9
8608	11.3
8609	10.7
8610	10.8
8611	10.6
8612	10.7
8613	10.6
8614	10.5
8615	10.3
8616	10.1
8617	10.2
8618	9.9
8619	10.1
8620	10
8621	10
8622	10.1
8623	10.1
8624	10
8625	10.9
8626	11.4
8627	11.8
8628	12.2
8629	12.2
8630	11.9
8631	11.9
8632	11.4
8633	10.8
8634	10.8
8635	10.7
8636	10.8
8637	10.7
8638	10.6
8639	10.3
8640	10.2
8641	10.3
8642	10.1
8643	10.2
8644	10
8645	10
8646	10.1
8647	10
8648	10.1
8649	10.9
8650	11.5
8651	11.9
8652	12.2
8653	12.1
8654	12
8655	11.9
8656	11.4
8657	10.8
8658	10.9
8659	10.7
8660	10.8
8661	10.7
8662	10.6
8663	10.4
8664	10.3
8665	10.3
8666	10.2
8667	10.2
8668	10
8669	10
8670	10.1
8671	10
8672	10.1
8673	11
8674	11.6
8675	12
8676	12.3
8677	12.2
8678	12
8679	11.9
8680	11.5
8681	11
8682	11
8683	10.9
8684	10.9
8685	10.8
8686	10.7
8687	10.5
8688	10.4
8689	10.4
8690	10.2
8691	10.2
8692	10
8693	10
8694	10
8695	10
8696	10.1
8697	10.9
8698	11.5
8699	12
8700	12.2
8701	12.2
8702	12.1
8703	12
8704	11.6
8705	11
8706	11
8707	10.9
8708	11
8709	10.8
8710	10.8
8711	10.5
8712	10.5
8713	10.4
8714	10.2
8715	10.2
8716	10
8717	10
8718	10
8719	10
8720	10.1
8721	10.9
8722	11.5
8723	12
8724	12.2
8725	12.1
8726	12
8727	12
8728	11.6
8729	11
8730	11
8731	10.9
8732	10.9
8733	10.8
8734	10.7
8735	10.5
8736	10.4
8737	10.3
8738	10.1
8739	10.1
8740	9.9
8741	9.9
8742	9.8
8743	9.9
8744	10
8745	10.9
8746	11.4
8747	11.9
8748	12.2
8749	12.1
8750	12
8751	11.9
8752	11.6
8753	11
8754	10.9
8755	10.8
8756	10.8
8757	10.7
8758	10.6
8759	10.4
